100
262
0 5 0.09717623347852716
0 49 0.09671298050093512
0 72 0.13993107953038672
0 86 0.09309447492197893
0 87 0.13213922329356345
0 89 0.1017509071095915
1 11 0.11745823091909935
1 12 0.09075198447903379
1 30 0.1282911167245043
1 63 0.10096298706171968
1 84 0.12860072553777036
2 15 0.05073186884838042
2 22 0.036606733841241815
2 25 0.10720192985431544
2 63 0.11492699964477611
2 66 0.09479615750061915
3 16 0.14462163208611037
3 17 0.11482463834935673
3 44 0.07308802383228138
3 49 0.05741035846148317
3 72 0.08983185302127594
4 37 0.09294024228421599
4 48 0.10328153929670743
4 57 0.05051229397625002
4 68 0.07667334999879073
4 85 0.13903192721503785
4 99 0.09635467069087265
5 86 0.1236236689930886
5 87 0.035522585765602244
5 89 0.13557100595045882
5 96 0.08705367977714702
6 8 0.11718647216304894
6 10 0.13574648970220649
6 14 0.06839732618794786
6 24 0.07316340273058822
6 32 0.08499690736594133
6 88 0.1377838352623626
6 98 0.1356708916611794
7 10 0.10908993004937877
7 13 0.07846281946352163
7 26 0.030742635258900454
7 64 0.11757031064473947
7 76 0.08905573431040847
7 79 0.12497939657117693
7 88 0.12532666205651674
8 14 0.13629406798925714
8 23 0.03753222936712938
8 24 0.1034590901273946
8 32 0.037351366391087076
8 42 0.09454339944139908
8 55 0.1361522160948449
9 36 0.10942321692915521
9 47 0.08058639130158109
9 52 0.13210198299236411
9 67 0.08424215049566998
9 70 0.13204710591171256
9 74 0.09681468375476039
9 83 0.12765164297574183
9 97 0.041039734827978284
10 11 0.12904728187286552
10 13 0.12486296025588069
10 14 0.08504727671659927
10 18 0.06326701528696868
10 26 0.11453920988967106
10 76 0.047953595060766435
10 79 0.09956634368992424
10 84 0.14290984233830176
10 88 0.087006487314417
10 98 0.1119173600676653
11 12 0.1111175002661229
11 18 0.06952686832376453
11 76 0.10119524887682758
11 84 0.044949772781081636
11 98 0.09289620158327805
12 30 0.07935602486495774
13 26 0.04857833049643788
13 64 0.06986892036996521
13 76 0.1350274453580586
13 79 0.07163933014656233
13 88 0.0808954959151592
14 18 0.12929487266708373
14 24 0.13715781473218586
14 32 0.11923721023236654
14 76 0.13300069954936894
14 79 0.08365946668957348
14 88 0.07008255624964378
14 98 0.14090079130212535
15 22 0.07697682954941443
15 66 0.14391509326783283
15 69 0.10869303618345719
16 17 0.06919085222579224
16 41 0.08156309488203775
16 44 0.07522549815722251
16 54 0.10958785608909029
16 64 0.13341198330999277
16 72 0.12903087694037368
17 41 0.1299214188666361
17 44 0.04813729441151659
17 54 0.12156792013018929
17 64 0.08297834883151312
17 72 0.14541706797565213
18 76 0.056825240973813286
18 84 0.07989220261268551
18 98 0.06561971468932852
19 21 0.13815175442415487
19 56 0.05515851493602345
19 75 0.0700542242382635
20 40 0.12972637529457373
20 45 0.1297160254376215
20 60 0.09858069731496436
20 78 0.07050703249284034
20 85 0.05807598458615179
20 99 0.07725117256432862
21 29 0.047584252750889657
21 38 0.09674218086294739
21 51 0.06134548421993141
21 65 0.07784395005553649
21 75 0.13343722320402573
22 25 0.09773640246991455
22 63 0.07845946306164395
22 66 0.0703867609874866
23 24 0.13604421277761208
23 32 0.07351542797568289
23 42 0.09812221051790905
23 55 0.10684026288609932
24 32 0.06750567771979242
24 42 0.10116490891571386
24 61 0.13500831561589616
25 58 0.06672670462434561
25 63 0.12665371596590227
25 66 0.04704600183547263
25 71 0.14050934292938386
26 64 0.0904879311019862
26 76 0.10693939419558506
26 79 0.10442437191860107
26 88 0.10790317612543766
27 87 0.12899770065366456
27 96 0.07819335352789605
28 39 0.09410316186368446
28 71 0.0681903592097828
28 82 0.10705944778912142
28 90 0.06668618667877373
28 92 0.1231122542837249
29 38 0.12551266252206683
29 51 0.07876990582178256
29 65 0.048395173964711616
30 53 0.10596436288608267
30 77 0.14222471803410594
30 91 0.12169868341818109
30 94 0.0703923768614699
31 33 0.13348392970016518
31 34 0.06308113001155397
32 42 0.09150043050897608
33 34 0.11811440175182648
33 35 0.12302508573042564
33 59 0.13755832810134846
34 59 0.1370828888172643
34 77 0.13913982039193862
35 37 0.12933645560143875
35 57 0.14163144505446454
35 59 0.05657239457166598
35 68 0.08295832898058307
36 47 0.06310045997141943
36 58 0.11189700354719685
36 74 0.14386624783749807
36 83 0.0259443791145488
36 97 0.12120636840278627
37 48 0.0831544651028753
37 57 0.04308156474618016
37 59 0.0952065658903337
37 68 0.07763298695887426
38 51 0.04855432297132597
38 65 0.11372421978619981
38 82 0.14535249918656062
38 92 0.13012602224920988
39 43 0.07127173279487584
39 82 0.13848682478690524
39 90 0.10355845188633118
40 45 0.1413554937058394
41 54 0.06545511794244259
42 61 0.13316925254732243
44 49 0.1150735612133507
44 64 0.12931893367344593
44 72 0.09968318567741699
45 46 0.06506221879638531
45 60 0.0727759706385106
45 78 0.09933520367290365
46 60 0.07879143499682616
46 62 0.11912426489048665
46 78 0.11473544380562928
46 93 0.12745862564815533
47 52 0.09874417150963041
47 67 0.10378485617684041
47 75 0.14155473105068314
47 83 0.08901506437641822
47 97 0.07110396664123324
48 57 0.07520840909096853
48 68 0.14203531616748752
49 72 0.06743133521731179
50 55 0.14531461321294922
50 80 0.1021197252615254
50 95 0.04692424589637387
51 65 0.0665227806896469
52 56 0.12438413029977186
52 67 0.07237988246166631
52 70 0.0804787403405282
52 97 0.09272662568098601
53 77 0.07478753483592496
53 91 0.040377400042372
53 94 0.05668887360470011
54 64 0.10608154692350037
55 73 0.11573737265841127
55 80 0.08558321905113773
55 95 0.11815358315926364
56 75 0.0679763757711971
57 59 0.12310006149814547
57 68 0.0672417321523194
57 99 0.14280260379431206
58 66 0.08792778150843426
58 71 0.13355523802751545
58 74 0.12452584068892018
58 83 0.09067391422689787
59 68 0.08931761417818461
60 78 0.0359450970080678
60 93 0.09919291086569833
61 67 0.13569113749182612
61 70 0.08702119345010637
63 66 0.07978471108580398
64 79 0.1340496472929727
67 70 0.04892246480390713
67 97 0.04626532345591671
70 97 0.09518343520248718
71 83 0.1345200407928154
71 90 0.12598900492940301
74 83 0.14516438665810444
74 84 0.12054825921256616
74 97 0.13775114063726474
74 98 0.13130746513626448
76 79 0.13382462289189667
76 84 0.12876257844419484
76 88 0.12420219916495692
76 98 0.12168703781953233
77 91 0.03441814793493408
77 94 0.07186766795170853
78 85 0.12164541991389193
78 93 0.1053932619731591
78 99 0.11929286557645874
79 88 0.01507227746930001
80 95 0.05687221792374553
81 86 0.08458022041397782
81 89 0.07446995462535641
82 90 0.04232123062219308
82 92 0.02318297492636085
83 97 0.14419001788744937
84 98 0.06580441444888895
85 99 0.044023172044750904
86 89 0.011983871882401957
86 96 0.12074318304205497
87 96 0.08598288198623884
89 96 0.12929835113036758
90 92 0.06244034774521541
91 94 0.05416456993469515
0.23673286905934376 0.12360748814682643
0.503267298820541 0.5444254133020229
0.5135329280672739 0.7544001794391562
0.38452061576416463 0.1492667693076487
0.0852487387211932 0.7082505892773847
0.17982656520746854 0.04483634536603853
0.7730712275121137 0.3570679988665372
0.5500476460850069 0.2760428892144604
0.8469248260185916 0.266082751459801
0.7844786320299493 0.5719565665708719
0.6383977077599601 0.340034134242279
0.5788657869010282 0.4545293365767903
0.4679274620114764 0.4608370252257388
0.6047479246037616 0.21979083531297294
0.7195251446660859 0.31451202112536825
0.46560850715550883 0.771042667147466
0.49104646851522804 0.05145235747120702
0.49568028664927866 0.12048786834229397
0.6239958077219175 0.4016401444897846
0.9988447834358435 0.7438961110101423
0.07407523345940625 0.8752136457267974
0.9479208962813009 0.8723198820478416
0.5221671485020263 0.7188262676496492
0.8687384915376954 0.23554044902715077
0.845166022841692 0.3695268906914331
0.6187440664992865 0.7338363735090893
0.5670507600478959 0.25043031928821524
0.03648757018781423 0.007832322418107829
0.692816565363885 0.8862360200239404
0.9861907921075052 0.9005984283915281
0.3913607270943439 0.48169161192740595
0.15069909638916423 0.361836227157303
0.8381443071899609 0.3023873938679186
0.03647051966754011 0.4308999060945756
0.1544276695836997 0.4248070672776918
0.04585678810634031 0.553566403899695
0.7871043952647743 0.6813482745315743
0.14478339729343215 0.6368817370760518
0.8616349346497444 0.9160666805985559
0.6080369172927267 0.927074927277604
0.010307853688640733 0.9881855613706403
0.5597190264064758 0.007445332584156028
0.9290327850310975 0.312952117198379
0.5430292011314375 0.9562923319377965
0.44809616804857677 0.11321114035126922
0.15138830753608934 0.9793718707123787
0.21578722536057082 0.9701051723928911
0.8320184533258213 0.6370267736872481
0.18852822811136705 0.7075998736695421
0.3334442607227357 0.1230531237321495
0.9971194856535289 0.12307196569927903
0.9099838389830478 0.9205282642829562
0.9159364323751069 0.584986556552738
0.31914840515873555 0.5592404788599503
0.6003924532644882 0.05872929511129488
0.8519712690574007 0.1300240899927948
0.9777076143117462 0.692948276400938
0.1216386903816592 0.6732182718991117
0.6770003930099604 0.7012994171132243
0.10239608337059969 0.551631483076209
0.16694552674205576 0.9082781661179854
0.9585555115020751 0.44280764632876446
0.33271812006690027 0.9928594324088996
0.5325312079984864 0.6410543343145745
0.5686707155388978 0.15995688993282398
0.9711815847135022 0.9466073031493236
0.5891658386848946 0.6972514759683932
0.8613381223059123 0.5374694867487958
0.06721448184731882 0.6337283229468162
0.41825255084247304 0.8688771677924644
0.8990459975859684 0.5063002117435399
0.7247959629801969 0.826009421105713
0.36246274166560155 0.062185129408712125
0.7545940459336499 0.067471585274125
0.6878084123430458 0.5772434953787985
0.9288856458595736 0.7402473573586273
0.5926063255136055 0.354271289548737
0.25474172664829153 0.5212279134363039
0.144399804445267 0.8802828021261476
0.6713849364040239 0.24609106881345466
0.9110538921109804 0.06810695959850377
0.09170045885759115 0.22321699879631696
0.7337539998906183 0.9851594844562026
0.7676308206136944 0.6984915151222052
0.6151635443061655 0.4810426328718319
0.030998970944666082 0.8362616805207628
0.15367928719136326 0.16566321070508983
0.1654053382102918 0.012372791780972281
0.6744498203676595 0.26084844101859395
0.15019605353685195 0.17712969528415345
0.7087988274554461 0.9509787014033281
0.28410140125000993 0.5391894950635499
0.7559217390965401 0.9919448853238383
0.2439947785454336 0.8458070018695896
0.3242005791764504 0.5027771816814788
0.9633243949049306 0.09051775407870122
0.09420862402578456 0.06058154496946555
0.8251208266850475 0.5662581590417565
0.6714529805725733 0.4469586142447516
0.05608624004364604 0.8000861555620686
