250
526
0 1 0.05241402370091524
0 17 0.07860634726274275
1 2 0.08536978669392664
1 18 0.05381151438164433
2 19 0.06912822230361333
3 2 0.0817585850428137
3 20 0.06205371824398672
4 3 0.05077122921447526
4 21 0.07868392405149377
5 6 0.06332400582310352
5 22 0.06661785996600654
5 23 0.07393791374173933
6 5 0.06332400582310352
6 7 0.04556086371083882
7 8 0.06635106271728006
9 8 0.06111661538172518
11 10 0.07424056948279498
11 12 0.03318303613206586
11 28 0.0656907328752237
12 13 0.08408119168178035
12 29 0.05952487327651505
14 13 0.046185862139242424
14 15 0.07154058989853374
14 31 0.061811726224136304
15 31 0.06693426698812333
16 15 0.07494986901948619
17 1 0.0845453654841551
17 35 0.06446420024057183
18 17 0.063323292872838
18 19 0.06703417986403121
18 35 0.07178214520792736
20 19 0.05741553543455614
20 21 0.07833905305773024
21 3 0.08208985087445747
21 38 0.05561331062307599
21 39 0.07515534102829738
22 5 0.06661785996600654
22 21 0.07989877272490495
22 23 0.035000861112342664
22 39 0.05341627510844417
22 40 0.07522675097811911
23 24 0.08052882198664177
25 8 0.07960273182334326
25 9 0.07441623957526584
25 24 0.0824572635128768
26 9 0.046945830072936394
26 25 0.04887774638224311
27 26 0.05859647945165443
27 28 0.06936491825945224
27 45 0.07979634726026408
29 11 0.07615872348510067
29 28 0.08230392410708513
29 30 0.056638913773061045
29 46 0.07937330880691043
30 13 0.07196890398893833
30 47 0.08254704944971222
31 32 0.05447519453874223
32 15 0.07009026558143104
32 16 0.08205706955667054
32 33 0.08079845028698222
33 16 0.049202517967124784
33 50 0.08448883465911484
34 17 0.04475894595783293
34 35 0.07151967105291042
36 35 0.08343877150635402
37 20 0.07929640285647842
37 36 0.07233471900661909
38 37 0.06208263552251942
38 39 0.04788211610355561
39 23 0.08094023473945552
39 56 0.07801957196479192
40 23 0.06556401687945568
40 39 0.0766188774869798
40 57 0.05594866022259701
41 24 0.04806553589937724
41 25 0.07950453083418155
41 42 0.06413345458158218
42 25 0.08058993284730849
42 59 0.032661891001110305
42 60 0.08000429049819778
43 42 0.04508548441253374
43 59 0.05247828174976427
43 60 0.04875134866272591
43 61 0.0784274437383117
44 27 0.06942387626555335
44 43 0.06346247895464885
44 45 0.06679026611503547
44 60 0.06527942799982236
45 28 0.049775582298626116
46 45 0.07545805998660864
46 62 0.07993140742876932
47 48 0.05110447432716087
47 64 0.06528862994744696
47 65 0.08370609078716781
48 31 0.07193334378828789
48 65 0.06757761570488362
49 32 0.07919461539089714
49 48 0.07135219226700946
49 67 0.0727064667086963
50 67 0.06291193266420662
51 34 0.08180476430572643
52 35 0.075594357255106
52 51 0.06380302239289844
52 68 0.08276987101549575
52 70 0.07253416893878485
53 36 0.03297613496238108
53 37 0.07262583963094096
53 54 0.06288056452931559
53 71 0.07126806864156757
54 37 0.08021411187156863
54 55 0.061801532404885264
54 71 0.03632430205432193
54 72 0.07560412806257125
55 37 0.06311966082812635
55 38 0.06947432773888455
55 39 0.0851179185619293
55 72 0.0783822169465925
56 40 0.05658612377227922
56 57 0.0682741523384681
56 74 0.06709594186702796
57 58 0.0699853484312869
57 75 0.08277558727426586
59 58 0.06973372276678086
60 59 0.06428969403661786
60 61 0.0426296115064659
60 77 0.05653440092991408
60 78 0.08524290122671356
61 44 0.051722353131737994
62 61 0.06844660158795861
62 63 0.07228027569769273
62 79 0.08221634441569398
63 46 0.04533147361004884
64 47 0.06528862994744696
64 63 0.06778494537041069
64 81 0.049790156918572005
65 49 0.051888772437483806
65 83 0.08535179483717296
66 49 0.0415076623414796
66 65 0.03381552993730291
66 67 0.059279119973498426
68 51 0.07307673715099465
68 69 0.07283510666866981
69 52 0.06393353385174634
70 69 0.026898940035822043
70 71 0.06702201951434854
70 87 0.06185005472950264
71 87 0.08047732306158992
71 88 0.07033457362910309
72 89 0.06434971731945108
73 72 0.06748096493490933
73 89 0.06518817139929055
73 90 0.027190321893334576
74 57 0.054463945965776736
74 73 0.0772143712642979
74 91 0.08025377495171288
75 58 0.06085858307044349
75 74 0.07039463972495508
76 58 0.0711541346022646
76 59 0.06851751646523968
76 77 0.0661846138755316
76 94 0.07753870071596061
77 61 0.06910963874481388
77 76 0.0661846138755316
77 94 0.07268863150588159
77 95 0.07360231050067349
78 61 0.05519004053778006
78 62 0.05507325085382676
78 77 0.06862753133719547
78 79 0.07305779199286366
79 96 0.05256465868773195
79 97 0.056089088288082706
80 63 0.05905667013710044
80 64 0.06029723980625925
80 79 0.08211691478524397
80 97 0.06734431680645721
81 80 0.05838242497659659
82 81 0.050756795439507243
82 99 0.038138671018483006
82 100 0.07611505648946655
83 66 0.07745380855716659
83 82 0.06026515812208806
83 84 0.07745529683895144
84 83 0.07745529683895144
85 68 0.047426957237514215
85 86 0.07266169037408529
86 69 0.07344298021314713
86 70 0.08509462133261987
87 69 0.07138575233555176
87 86 0.05871010703682824
88 72 0.08122731898880546
88 87 0.0639836109023697
88 89 0.07196377594087583
89 106 0.06369860983397442
90 89 0.06435643744207625
90 91 0.07435265051209486
91 75 0.07223870738050128
91 108 0.08487951632447455
92 75 0.062352339617542774
92 91 0.0758923272039702
92 93 0.0375931112564688
92 110 0.08288518071386052
93 109 0.08202135985666277
94 93 0.07903194044036911
94 95 0.06829166631521985
95 78 0.07360139004292288
95 94 0.06829166631521985
97 96 0.04568011971680632
97 98 0.06758231968620171
98 115 0.04687827738143576
99 81 0.07446255149497365
99 83 0.06946280373846295
100 83 0.044521320296101015
100 84 0.07732313500171621
100 99 0.059930446484229204
101 84 0.07788835582400272
102 85 0.06453197291129331
103 86 0.0701620453847804
104 103 0.058783318130144466
104 105 0.04512161771468502
105 122 0.03564039462944881
106 105 0.08288889842581547
106 107 0.05682209072068577
106 123 0.06397216961449638
107 108 0.05828048653732386
107 124 0.06157111354086514
108 107 0.05828048653732386
108 125 0.08538646474949693
109 108 0.07399273355346989
110 93 0.04529312354254069
110 94 0.07459005727099416
111 110 0.05970960710789281
111 128 0.05089327149545535
112 129 0.054513126706080606
112 130 0.07985953445437313
113 96 0.03946316878929505
113 97 0.07227687508147985
113 112 0.07597759600968519
113 114 0.06856109018010619
113 130 0.07099084032392751
114 98 0.0648768041363472
114 130 0.08381535918469955
115 114 0.04163512944128871
115 116 0.0784686492583529
116 133 0.04600050481428764
117 116 0.05437845798908808
118 101 0.0328017782961091
119 120 0.05474428200882766
119 136 0.04337020287309159
119 137 0.05007003910235477
120 103 0.043834156277611766
120 121 0.08334355168502385
120 137 0.06470228285283965
121 104 0.0678922366783417
121 105 0.07760094399820239
122 104 0.06306026213738886
122 121 0.056136908824117565
122 139 0.06577208257632645
123 107 0.05909357491213108
124 108 0.06880422919132656
124 123 0.06607908544891365
125 124 0.0500996148000703
125 141 0.07567920604678995
125 142 0.05156153336986765
126 109 0.05687714982084018
126 127 0.05520937471186035
127 128 0.06454738780079916
127 143 0.06674032937620702
127 144 0.054304260167368265
129 112 0.054513126706080606
129 130 0.06537675867173277
130 113 0.07099084032392751
130 131 0.060106930801071594
130 147 0.08247010639554224
131 114 0.06091262398322141
132 131 0.06302071367600728
133 117 0.055142497502680576
133 134 0.07508638143374599
134 117 0.06682246886913512
135 118 0.07821493848622035
135 134 0.046748617252602515
135 152 0.08262807864957152
136 137 0.05675620586617385
138 121 0.05941471029410074
138 155 0.06692783335956247
138 156 0.06977566149412325
139 121 0.0720208784171111
139 138 0.05149981571044172
139 156 0.06365338774035528
140 139 0.07925373665904478
140 141 0.04670546813206397
140 157 0.07675626037088502
141 123 0.07747174163353326
141 124 0.06009352970129648
142 143 0.08463004679587717
143 126 0.0808015694036654
143 160 0.054145892185771954
143 161 0.05129834434011754
144 128 0.08244624656298122
144 143 0.049388477603079184
144 161 0.052925948738249066
144 162 0.08259016624403462
145 128 0.0667160566281994
145 144 0.0832584264809952
145 146 0.04653547323801275
146 129 0.08186667711102216
146 145 0.04653547323801275
146 147 0.07392098773618422
146 163 0.05882076419371374
147 148 0.07395187698324691
147 163 0.08250204343638944
147 165 0.07780614588015117
148 149 0.06653698503664972
149 132 0.039753444346102555
149 167 0.08401860492417819
150 149 0.06284832378761755
150 166 0.07795824633561511
150 167 0.045907343061618235
151 134 0.07060070412714368
151 168 0.05476145497829816
151 169 0.05019663592679872
152 151 0.05765023586397777
152 169 0.05829120817472069
153 154 0.06580511389366352
153 170 0.06991652554258343
154 155 0.06169073282337737
154 171 0.06835411026218548
155 172 0.0668575145074413
156 140 0.08265236262138854
156 155 0.06661775575146046
157 156 0.0536697770230703
157 158 0.06687353366178499
157 174 0.0641722476788758
157 175 0.08412531363575507
158 174 0.07188084140026095
158 175 0.044293186093140036
159 142 0.057437164685039614
159 160 0.03511738088026639
159 176 0.07161271856581032
160 142 0.06060245004815984
160 161 0.06693979121512297
161 178 0.07418182957403448
162 144 0.08259016624403462
162 161 0.07103351112279645
162 178 0.07957798023203477
163 164 0.06515061238652405
164 147 0.06852341938051511
164 148 0.0777359886146289
164 165 0.038512156143455024
164 181 0.07186608209675886
165 148 0.0474725077528008
165 166 0.0767304547555264
165 182 0.0743769417816255
166 148 0.06906133892409612
166 149 0.07581593361184583
166 167 0.04884954386201814
166 183 0.08351673557932557
166 184 0.07643296131459296
168 169 0.036870197901683915
169 168 0.036870197901683915
170 153 0.06991652554258343
170 187 0.050796405389121516
171 170 0.054912037476518336
171 188 0.05843169486497233
172 154 0.07797718416964045
172 171 0.06867354999729237
172 173 0.052288791146879725
172 189 0.08504963989619455
173 155 0.08368551631949504
173 157 0.08526101732407679
173 189 0.06129922796476377
174 173 0.0827143841325913
175 157 0.08412531363575507
175 174 0.04840952867529234
175 176 0.08417239987798844
176 177 0.04105464785158705
176 192 0.06688963820600512
177 159 0.07151381229154934
177 160 0.08014658049082123
177 192 0.07640911094966443
178 177 0.07680072346976788
178 194 0.0545933097631237
179 162 0.060185485801946076
179 178 0.077457047499815
179 180 0.07239544714222979
179 196 0.08323996320832341
180 181 0.05654742265356594
180 197 0.06250651389989947
181 197 0.04625274258258261
182 166 0.07841893758072303
182 199 0.08323138112344897
183 182 0.0421634547867833
183 199 0.0447592939234103
184 167 0.05492292251813148
184 183 0.07211758287334134
184 199 0.08282837111373421
185 201 0.04850930586535712
186 170 0.0553135292899165
186 202 0.07372831184802907
187 171 0.03988140814738581
187 186 0.052441904180814354
188 172 0.05585301914547172
188 187 0.06856684485971562
188 189 0.08083991200954442
189 190 0.05830892206675412
189 205 0.07022244191766078
190 174 0.07171534230781476
190 191 0.06496864548722582
191 206 0.07767167958091745
192 208 0.07124584870834602
193 192 0.0631099987206894
193 209 0.06552134750126531
194 193 0.05581854372650654
194 210 0.07697987648244484
195 179 0.054994140344576885
195 180 0.08169379595100167
195 194 0.07263513374117801
195 196 0.05015326666609789
196 180 0.05768018286795733
196 197 0.08103503850541195
197 180 0.06250651389989947
198 199 0.08166190914557804
198 214 0.059438959741339455
199 182 0.08323138112344897
199 200 0.057321774274005526
201 217 0.05196534441927285
202 203 0.06479247967767411
202 219 0.0713768962902844
203 202 0.06479247967767411
203 204 0.06409310216917144
203 220 0.06508972947933088
204 205 0.04306581144599803
204 219 0.08077743997485017
204 220 0.030954364305214924
204 221 0.07718802813129334
205 220 0.06740646007689914
205 221 0.07886170190026218
206 190 0.054725353423754286
206 205 0.07657764469297951
206 222 0.0666798398219425
207 191 0.07909996807079844
207 208 0.05637649166618602
208 209 0.07620001429449103
208 224 0.06266230790916165
209 210 0.0809045718707335
209 226 0.08277888187438576
210 193 0.07828711620696545
210 195 0.08431315801758159
211 195 0.0774054089303119
211 196 0.07842132245608963
211 210 0.04857843842505334
211 227 0.07892478105953074
212 211 0.06808756065067623
213 197 0.06833045648801145
213 198 0.08337182266774065
213 212 0.07404443578320961
214 198 0.059438959741339455
214 230 0.07328026380457783
215 198 0.06447503518705605
215 199 0.07476749955412966
215 214 0.041597677328550894
215 231 0.08346722626358784
216 200 0.05873371963823521
216 215 0.07821425374580744
216 232 0.04963556164949906
216 233 0.07281405286076213
217 200 0.07264406607032699
217 216 0.0675137409886088
219 203 0.038180654345471104
219 218 0.08504661174070628
219 220 0.06549988749456175
221 220 0.06427160763797955
221 236 0.08401195127278525
221 237 0.03108882768145284
222 207 0.07995773165534405
223 207 0.0362599663577942
223 222 0.054131981382208726
224 207 0.06654925799567044
224 223 0.0703408204295954
224 241 0.07912802819644893
225 209 0.05807665468368482
225 224 0.060713738349859464
225 226 0.08139896392434173
226 210 0.07172537687490907
226 211 0.08359679401737671
227 212 0.07955401690751285
227 226 0.06489528288963053
227 242 0.08077548958234472
228 212 0.03738424219725903
228 227 0.0687375299213499
228 229 0.05160739418616601
229 212 0.07256994209122698
229 213 0.07419252325191704
229 245 0.08474580668163723
230 231 0.04126889236547793
230 246 0.05525788508290771
231 214 0.07847431043128932
231 246 0.08175712959170839
231 247 0.07702775514848445
232 231 0.08323863431446457
232 233 0.04426767865952336
233 217 0.0726404659610881
234 218 0.03914471359163195
234 235 0.07546486355142404
235 219 0.0854415026209334
235 236 0.05212436046135014
236 235 0.05212436046135014
236 237 0.07084343534256292
237 236 0.07084343534256292
237 238 0.06054375734870847
238 221 0.07200788746292738
238 222 0.05735390089546034
239 240 0.05162195747253607
240 239 0.05162195747253607
241 225 0.04552708268996722
241 240 0.08156615627106967
242 226 0.07051731653065305
242 243 0.042859303109871336
243 227 0.07389181306222156
243 242 0.042859303109871336
244 228 0.07854358694011172
244 245 0.07243731064527785
245 246 0.05623558294243827
246 231 0.08175712959170839
246 245 0.05623558294243827
247 246 0.07755088887377885
248 247 0.045605469286006166
0.034332079609825164 0.03909422827382924
0.08662405287363752 0.04266905871691863
0.16951030187209276 0.0222271848514284
0.25022296331822635 0.035263001300152315
0.297212997610489 0.01603660295930948
0.387993018082646 0.05222859038656494
0.44650519209665956 0.028015882862658284
0.4916164703785985 0.021631145291928167
0.5575552785686413 0.029016069001024946
0.6175995394567022 0.04041463953088545
0.717961098325207 0.0205008677260578
0.7861291666267463 0.049907952266460553
0.8191657843433634 0.053021756497314915
0.9015075150211278 0.036007462988067944
0.9473250666588512 0.04182861609287958
1.0187192548030166 0.03725413226782401
1.0929681910897815 0.04748048676598539
0.046021339261715505 0.11682658343422299
0.10481676659371872 0.09331196787057097
0.17182124742781874 0.09131676908448233
0.22918962572445883 0.09364332895913943
0.3075276667755634 0.09404152270259428
0.3835272785918464 0.11869660101762543
0.41851719920899394 0.11957166319325227
0.4987166578664592 0.11229581261715049
0.5808619997563659 0.10513040182485503
0.6260856687332925 0.08658710503943302
0.6800062018759638 0.10952448740399774
0.7491675123091828 0.10421364714087439
0.8311636423868914 0.11132494629815279
0.8876068976609898 0.10662117255197666
0.9818356809892687 0.09310928493938317
1.0348940562008007 0.10545252762297719
1.114515890185161 0.0917137823474839
0.01963460135901457 0.15298046712754665
0.0903580265701975 0.16362285755050743
0.17112709429418138 0.18456053386589782
0.2423349911483712 0.17184255449142158
0.3001256200474023 0.149160031596548
0.3472094510854623 0.1578669195212772
0.4188118476479259 0.1851350179859029
0.519471445862473 0.1556494112744113
0.5761898143733108 0.1855847861682832
0.6212745958133763 0.18583655434409754
0.6843471658585052 0.1788125139846209
0.7463204823330991 0.15390774149304648
0.8132987193883172 0.18866165606274116
0.9126004448096776 0.18529351822553308
0.9574420001196337 0.160780211356822
1.024905285490949 0.18401467860306514
1.1130098980067382 0.17618919397485494
0.03372307766205204 0.233562936055808
0.09730269407321199 0.2388975441462361
0.18389649657918666 0.21496395213327155
0.23492054672953985 0.2517132609945231
0.2862041388326784 0.21722525454893415
0.381697955376082 0.22784975085414952
0.44986486784412316 0.23167492040735382
0.5175638901910339 0.24941728125142174
0.5798405649404428 0.21804200638297497
0.6431150560956388 0.22942196808646761
0.685730617568862 0.23051636176067444
0.7532952365497559 0.24146896560210704
0.8250111147766368 0.23245391900867973
0.891220801032149 0.24698238296108035
0.9883730214743948 0.22086353734921563
1.0218812476554817 0.22541203634753895
1.0809565731330395 0.23032324643803928
0.047840811097344754 0.30526299962123016
0.12036377536523517 0.2985270945421186
0.14650594792829139 0.29219149759043833
0.21245716766316217 0.28025886522098575
0.2970039853291864 0.2948598811604827
0.3591210242756267 0.3212256563448554
0.42424036413235694 0.2797343234382772
0.490370751930026 0.3038626700815126
0.5782656949010478 0.2865414213215232
0.6444475821751731 0.2859406628940411
0.71268932358644 0.2786741103004433
0.7718286137537338 0.3215691604738743
0.8465232423223127 0.28745317951407984
0.9044168841592319 0.2949919977906032
0.953528964087409 0.30780823313552164
1.0135524682408934 0.30241673681103887
1.0898704721941475 0.31564115668493803
0.046570228948953116 0.3526729341688879
0.11664848472789378 0.3718760410789899
0.17075615373583392 0.3490892724883577
0.234705055899192 0.346982052469684
0.30572216368402266 0.3586162885660645
0.36894303306900517 0.3465799803927559
0.4424289361942 0.3578998160827384
0.5183020134181952 0.35960905012058697
0.5453375750616779 0.38573031388332796
0.6174712378518817 0.353438173938146
0.685463932023228 0.34705497509813543
0.7814003329030506 0.3732549954336034
0.8204440117004069 0.34954287862993905
0.8796909654391086 0.38205700489610384
0.9590952159829209 0.34553852689122655
1.0190162344801594 0.34660152174194775
1.1183761203630822 0.3881258033036211
0.036486815398457315 0.41641224934401017
0.12010714287848215 0.44195278683942996
0.17869662033238903 0.44672265288240304
0.22331573960399792 0.45343790273748047
0.3000362428220591 0.4220606200601577
0.35361275838464296 0.4409896182914972
0.4117595833269029 0.43704476592906755
0.48559118473342544 0.4419252630823465
0.5782278388569121 0.4168702815730954
0.6258648483852532 0.4528696219028245
0.7127355244327676 0.43591145248504787
0.7850326052592231 0.4125506477175772
0.8483453292795359 0.4388588605761575
0.8885631567058898 0.42808804998935024
0.9652224031101276 0.44484182142042683
1.0193469588617072 0.4500905505966341
1.0970641424831609 0.41306084407424826
0.05512132816284172 0.5128059805517509
0.09936868238875338 0.48057078151919097
0.1754761336645326 0.5145384642158238
0.22547410572678814 0.4890128824988638
0.31369043784478134 0.48455863157626405
0.37853083172411456 0.497293185174163
0.42223510241981266 0.521786207161508
0.5048418109567883 0.4954455728885376
0.5554026507652828 0.5176193532142817
0.6183189300070809 0.5032003699534952
0.7121936524997684 0.4904218859641666
0.7771595105846291 0.483103562541433
0.835298566678684 0.49835785003109134
0.896243915856822 0.5143976369931469
0.9797652160815863 0.48848300648736187
1.052194099283553 0.5082825406972835
1.0957351049108253 0.4912644901627431
0.037180020033020025 0.5522912177910523
0.09346636834904093 0.5450032895826327
0.18774972229530384 0.5726716459750784
0.23573748760324145 0.553979257177502
0.3121892620694298 0.5748665967733502
0.35264384716916125 0.5515250608803582
0.4361908776787501 0.5714231698040187
0.5207588537072508 0.5746638874892365
0.5699215443257706 0.5699467303901391
0.6526326453483948 0.560415762563285
0.6979395572532338 0.5710380976706408
0.7716443787407455 0.5653890519647611
0.8428038977996848 0.5855187056290879
0.9013087162462239 0.5538271200533417
0.9576599711534012 0.5816560236124031
1.0532634526414886 0.5788751458811436
1.1105657334438876 0.5725507241672416
0.052999833032446306 0.640135513753214
0.11784439648661502 0.6513379958440862
0.17827344002163237 0.6389252115581854
0.24131367267194737 0.617387931118088
0.28605147668288333 0.6470354244014191
0.3528470221143496 0.6502641416276278
0.4498119153749368 0.6272218724693623
0.4813694620566867 0.6118156501121822
0.5480112966058098 0.6181244959536615
0.6160793336547522 0.6384346420569335
0.7165809004918274 0.6268268297103047
0.7814178749762475 0.6332118930651793
0.8193956846770577 0.6268187607228212
0.8960805783779124 0.6294625771079913
0.9447866551048015 0.6257214508869681
1.044178131110027 0.632877681784656
1.079335329091179 0.6217698951723991
0.05217685638580406 0.710047195562378
0.10639855818191706 0.7187269947625872
0.17381237599667232 0.705633727910132
0.2260633114265815 0.7076230560131528
0.3087757068200418 0.7070494788956161
0.3555239599624699 0.6944763609571167
0.4396180937409672 0.6981053505222963
0.48020926196828845 0.6919538326478909
0.5570097371285447 0.6917585363637184
0.6343625339569581 0.695775877550474
0.7042179993435282 0.7147841579184895
0.7591964664134806 0.7015561887849003
0.8514428291617878 0.6939373870434048
0.8892036878016483 0.7126957045142654
0.953460950078986 0.679955056931869
1.044705460967789 0.7209199453284292
0.031219138435527555 0.7612366532741287
0.08259722787303575 0.7507273602502796
0.15091408283454924 0.7565771074400169
0.23083432163782194 0.7687363345264212
0.28870175727009906 0.7758980581968145
0.353494159067601 0.7806802716755179
0.4534930563966473 0.7635401204128808
0.5142525236342562 0.7806035045885753
0.558314583280863 0.7463362501983154
0.6308211588037324 0.7506558751294019
0.6784439300795918 0.7663855227188395
0.7573119162530009 0.7477705227853302
0.8359676054588724 0.7821875132953334
0.9116189337558648 0.7514378152122413
0.9615569057694353 0.7795800389533014
1.0527450182203606 0.7687584055327605
0.050445809098669386 0.8324138905285439
0.11387467127305612 0.8456367822714443
0.17749212193669475 0.8534307361285923
0.21758083930768943 0.8376967329809263
0.29380858077372574 0.8303846130618233
0.3798454537743823 0.8552618660274603
0.43076438712909726 0.831063290891605
0.5055751074081187 0.8455477069935624
0.5821798241233785 0.8195233505834324
0.6300028543020568 0.8280569585159498
0.6942670529719124 0.8505520398601204
0.7597851111425784 0.8160562064305731
0.8493089790207964 0.8401098551559123
0.8867289040397472 0.8219407613230781
0.9632152471925346 0.8382903423613681
1.0259193629810424 0.8132643741391721
0.026283178161442405 0.9208245137837215
0.10189366800739796 0.8818889260286986
0.16738865915689174 0.8826897981333303
0.22209228343927695 0.916429285959052
0.31043738883434047 0.8949577017378588
0.3641112723102017 0.887930209938969
0.4342207660844891 0.8936302012917463
0.49428080586886286 0.9025155625964226
0.5748427683425774 0.8908724732151589
0.6378046135799942 0.9065951888083621
0.7036147006253016 0.8867487668946384
0.7551130738799433 0.8901014802453332
0.8527534354773415 0.9133091227956058
0.8932089558408691 0.9051560651366901
0.9743659717917162 0.8866571731565983
1.0186194783443019 0.8855371143621239
0.03439185799110709 0.9591201782066152
0.10944460773735093 0.966996115380231
0.1610722468130744 0.974174961873338
0.22657620962430616 0.9471930570636204
0.28711974317133826 0.9473576764388161
0.36645557857745964 0.982780647012434
0.4180770650326957 0.9830011678690476
0.49173822585678967 0.9479715912960497
0.5783746337550985 0.9613012873283623
0.6179444018672714 0.9777680209028357
0.7113277028888262 0.9649127269113991
0.7835918204773936 0.969918851427048
0.8397524214236357 0.9670158029891458
0.9164333440261433 0.9785992598972298
0.962027381647529 0.9775782005568789
1.0532570247869038 0.9757765204022334
