500
986
1 0 0.04176365072943516
1 24 0.04614828873290107
2 1 0.03597172185230647
4 3 0.029698432746575982
5 6 0.03859996660412637
6 7 0.05124520739781391
6 29 0.05363180677057532
8 7 0.03019847932526039
8 30 0.05184941962817906
9 10 0.03248617252866312
10 11 0.041042937497841006
10 33 0.04295334305397394
11 34 0.04221365720712589
12 11 0.04955755210449953
12 13 0.05418225741304638
12 34 0.04923267580957679
12 35 0.045661461907498105
12 36 0.053341296382849984
13 14 0.049039932415244944
14 15 0.05039957988317535
14 37 0.04737457998767423
15 14 0.05039957988317535
16 15 0.021477745512004428
16 39 0.05464380501394032
17 18 0.03645515997253381
18 40 0.04603929565260914
19 20 0.03427926274458225
21 22 0.0379261642623717
22 21 0.0379261642623717
22 45 0.041081903366239625
23 0 0.04161042802565051
23 1 0.04164053650131576
23 24 0.02966660689152898
25 26 0.05541992976418482
26 3 0.046996054227143085
26 4 0.041037379723872475
26 49 0.04714986696886439
27 4 0.04713242572598688
27 26 0.04297334578873023
28 5 0.037788536269440766
28 27 0.034452436145533824
28 51 0.038120961596006246
29 5 0.05239703595684459
29 28 0.04706629247270638
29 51 0.03830372394089972
29 52 0.03062374777612196
30 7 0.03728619172181317
30 8 0.05184941962817906
30 53 0.04917230537377114
31 8 0.05309325404117846
31 30 0.03781265292920544
31 53 0.055778972016880264
31 54 0.021131768825533102
32 9 0.052336663206657356
32 31 0.03544626244273393
32 33 0.04950911694572567
32 55 0.03619352110567095
33 34 0.05269361668284652
33 55 0.041788763831737075
33 56 0.03851880546655268
34 35 0.037559116635573916
34 58 0.05633123973041567
35 36 0.0561881121554037
35 58 0.03304401704302729
35 59 0.05366774260546299
36 13 0.025497118853858403
36 37 0.04542580595013338
37 13 0.05384910643126112
38 14 0.047538882541997576
38 37 0.035690954344067764
39 16 0.05464380501394032
39 40 0.04994272731332229
40 17 0.0463900426272985
40 18 0.04603929565260914
40 41 0.05467664145277891
41 18 0.05543936422421988
41 42 0.03851360725099315
41 63 0.05629338723862624
41 65 0.05004629776352594
42 19 0.05358582019862718
43 44 0.026534734499926854
44 21 0.04567858686188571
44 66 0.05494237239248245
46 23 0.04293760829588111
46 24 0.04362965715789497
46 47 0.04874718259462061
47 24 0.03496086718867335
48 25 0.032580868212049086
48 47 0.05549543018779834
49 27 0.053151004664132195
49 48 0.049033866730870686
49 73 0.05297673592410518
50 49 0.028107425454482488
50 73 0.026938605644846028
52 51 0.04511835587294488
52 75 0.03886499036739086
53 52 0.05342717782440525
53 54 0.03816198148335201
53 76 0.050342350105305196
53 77 0.0515727688803513
54 30 0.042249657264221675
54 32 0.0450248946352945
56 55 0.04416392011528614
56 79 0.05423599058406906
57 56 0.037991673874979905
57 58 0.0370132437743334
57 80 0.034357966661849336
58 35 0.03304401704302729
58 59 0.05564319015449966
58 81 0.032612255385717395
59 36 0.0418202659186828
59 37 0.05234712336078839
60 59 0.05563334649655479
60 82 0.04623883936092818
61 60 0.0502447906329509
61 84 0.02146419207501473
61 85 0.05012719434066122
62 39 0.043732872016621134
62 61 0.03874722003576076
62 84 0.05295786571879191
62 85 0.0489794410531853
64 41 0.049636279814253365
64 63 0.024270149413247007
65 41 0.05004629776352594
65 42 0.024335432713411105
65 66 0.04235139084104875
65 88 0.04454713724798348
66 42 0.049099040859222884
66 43 0.0404251431466473
66 44 0.05494237239248245
66 65 0.04235139084104875
66 67 0.056177984283742835
66 89 0.041783423097909084
67 44 0.053813616338351876
67 68 0.039263923566689556
67 90 0.03803953215752534
68 91 0.032357943736116605
69 92 0.05596543333686273
70 71 0.02865591663921147
70 93 0.04957441556658792
71 48 0.05273096129272175
71 72 0.04758601638857057
72 50 0.05418399456962907
73 72 0.04602069829658649
74 51 0.03927990840397282
74 52 0.05607272112339623
75 74 0.039686217684622424
77 54 0.056229530836542876
77 76 0.04639632671707644
78 77 0.03704939728391149
78 79 0.045663965314533615
79 80 0.035995417697938306
79 102 0.03397579096023824
79 103 0.05131697223292884
80 56 0.05213296262548002
80 103 0.036092676024343406
81 57 0.0490507148003248
82 81 0.05409783528235904
82 83 0.033549028540196466
82 106 0.04947450026668201
83 60 0.04557862010073636
83 82 0.033549028540196466
83 105 0.05376606962354835
83 106 0.02678846971568605
84 60 0.0523031968047774
85 84 0.04170287708505341
85 108 0.04660393917290518
86 63 0.03849272153894152
86 64 0.03860186053073232
86 109 0.046252631831037
87 63 0.0512326228387687
87 64 0.0330286240048417
87 86 0.03328143811909758
88 64 0.055229731306817485
88 87 0.037800670678106066
88 111 0.04272053376936707
89 88 0.051150470255780976
90 89 0.03993247473500719
91 114 0.05238265583113921
92 93 0.05551317027476131
93 70 0.04957441556658792
94 70 0.053030680221301904
94 71 0.05083454231832835
94 93 0.04029441521853547
94 116 0.04650031680638426
95 72 0.043926939688938786
95 96 0.029731388223995407
95 118 0.052576672532559036
96 97 0.05449934203972318
97 120 0.025874759868078516
98 97 0.03350646784795239
98 121 0.04923482796348094
99 76 0.027407964476367213
100 99 0.04534035780482904
101 78 0.03487897013262728
101 79 0.056068096931197596
101 100 0.04329368535642788
101 123 0.05304543607466679
101 124 0.05592253551334793
102 78 0.04786947527195953
102 101 0.03364374501994678
102 103 0.05296026383600733
103 126 0.04270362672279859
104 105 0.028493809030672203
104 128 0.033804888022250144
105 82 0.04282964473176441
105 106 0.045100441950330944
107 106 0.05037934218856741
107 129 0.04688706505161234
107 130 0.04084902835339053
108 109 0.033267250720875566
108 131 0.04625367375649938
109 85 0.04668545758609152
109 108 0.033267250720875566
110 111 0.03347864709994376
110 133 0.022237416644354236
110 134 0.04290637995050797
111 87 0.054041946472390315
112 134 0.05189053756178066
113 90 0.055641285574344196
113 112 0.0377786135112497
113 136 0.04195836514828807
113 137 0.05072429972362268
114 137 0.044274078996610386
115 92 0.028295652913178097
115 116 0.0542556059251318
115 138 0.048900500454276546
116 93 0.023648322345610012
116 117 0.055530776830938135
116 138 0.05313177313916721
117 94 0.029650064598870356
117 95 0.05356915962770416
118 96 0.056240433504929924
118 117 0.03929073074240703
118 119 0.03597956334548852
118 140 0.055386164613979036
119 96 0.04411421213118153
119 142 0.04214105269107906
120 98 0.03322509166908459
121 120 0.03665302421270932
121 144 0.03797688452344283
122 121 0.04550317291524265
122 144 0.048513305647651286
123 100 0.02956198065535316
123 147 0.04660926897907797
124 123 0.03664815253596442
124 125 0.03560012097739793
124 147 0.026716783423906258
124 148 0.05208459552759045
125 102 0.0538389104153617
125 148 0.04372615084039041
126 125 0.0546867591553065
126 149 0.048275658238830024
127 104 0.03902374480809047
127 126 0.03696020630254261
127 128 0.03928484435534764
127 149 0.05356342994982066
128 105 0.044142783754133295
128 151 0.05124581586106533
129 152 0.042792197546855544
130 129 0.048545933095934975
131 130 0.04810940511956912
131 154 0.03062370821250003
132 131 0.02933486686107866
133 111 0.05440354361513165
133 134 0.04502252314091539
133 156 0.0556935370629729
134 111 0.046503190063156494
135 112 0.032076739568546044
135 134 0.026830596418291375
135 136 0.056444908021077815
136 158 0.0500886610882644
137 136 0.03630919983186452
138 139 0.04884838574132803
139 140 0.05087588188723712
140 163 0.025768103993418452
141 118 0.05109108975880393
141 140 0.04007428572254107
141 142 0.04056236076792435
141 163 0.05549996766134655
141 164 0.025904367418513697
142 143 0.03407608855933485
142 165 0.05481750252765839
142 166 0.05638894541726556
143 166 0.03358838353725292
144 145 0.03186054520671022
144 167 0.05105627748374737
145 122 0.03951187478217391
145 146 0.04832661799002946
145 168 0.045276927958935266
146 123 0.05183082718400984
146 147 0.04611994255118213
147 125 0.05250809639779456
148 147 0.04416538132707612
148 171 0.050483416972837265
150 127 0.05433758750381161
150 149 0.04477163750826882
150 173 0.0554880935627913
151 129 0.05072793741656684
151 150 0.051025314231213995
151 174 0.046079317476154014
152 151 0.02982074174913738
152 153 0.04667644127739178
152 174 0.04702314418462927
152 175 0.04254147397479462
153 130 0.05389666058514262
154 132 0.04070558154968235
154 155 0.042774070189497165
155 132 0.048078134553605406
155 156 0.04609850721395314
155 178 0.05122182772223059
157 156 0.026768555166379812
159 136 0.03698111630956923
159 137 0.05126492582542261
159 158 0.03699346977267811
159 160 0.04143410281831498
160 137 0.05153593385547976
160 182 0.05478572534735701
162 139 0.04350640357856571
162 184 0.05469835096042927
162 185 0.02132422920241105
163 139 0.040616033091793874
163 162 0.05114987148268699
163 164 0.04234576495331423
163 186 0.05431467310008995
164 140 0.040593355213910484
165 143 0.05635837904040157
166 165 0.03929438289073539
166 167 0.052444128426462434
166 189 0.051525118295588944
167 168 0.03127929596512434
167 191 0.052781628622557794
168 144 0.05268463116521812
168 191 0.04846295555863024
169 146 0.036327572027633544
169 170 0.04090421138804004
171 172 0.02373990016455669
171 195 0.041337006181148495
174 150 0.05552868069374164
174 173 0.04581360083756923
174 175 0.041155529952373926
175 153 0.046913246765950295
176 153 0.02948631399973002
177 154 0.056487544388401
177 176 0.0504955070764882
177 178 0.020764681401025192
178 155 0.05122182772223059
178 177 0.020764681401025192
178 179 0.046941550812698
179 180 0.047895818709370826
179 201 0.05078107343232026
179 202 0.04231874733166891
179 203 0.052154729161987136
180 157 0.052497637130221306
180 179 0.047895818709370826
180 181 0.05402797865791893
181 204 0.021322731145862257
182 158 0.05392272112226482
182 159 0.04384409684371999
182 181 0.05510005291327646
183 160 0.04498327022201472
183 182 0.030193214790558337
183 206 0.04820798447408545
184 161 0.042357887334233624
184 185 0.03897956114631217
187 164 0.04520954221557525
187 186 0.0276125754905092
188 165 0.04025156289648115
188 189 0.0454460437676676
189 165 0.055347115366592474
189 213 0.05177896718267235
190 167 0.04513152112165582
190 189 0.03338546295211287
191 168 0.04846295555863024
191 190 0.043748715100819055
192 170 0.05234764503915942
192 193 0.043153338742142666
192 215 0.05200428265301738
192 216 0.05349801875957502
193 194 0.03665341059668527
193 216 0.01890486919656446
194 171 0.05347568705736251
194 172 0.0562797510838728
194 216 0.04049778376788543
195 172 0.02689699683534129
195 194 0.03892792275477618
196 173 0.022784493453350294
197 196 0.04510292012255097
198 197 0.04217050817783091
198 220 0.043308135139281036
198 221 0.046750116501182465
199 198 0.03291455340459022
200 201 0.035970339711849715
200 223 0.048465976304849084
200 224 0.049831563321780854
201 178 0.05613289420929253
201 224 0.0493090017828319
202 201 0.03897179572845476
203 180 0.02828943278887495
203 202 0.03780323125574733
203 226 0.038795338314447474
205 182 0.05639158968984989
205 204 0.03992091167362817
206 205 0.04328528667220748
207 184 0.043437683638802016
208 207 0.04561774152936436
208 209 0.05040210150437929
209 186 0.05268331083403676
209 233 0.05279994319530018
210 209 0.028329757525638176
210 233 0.026761935936813683
211 188 0.03879308392218035
211 189 0.05295672820958822
211 212 0.026731909042735622
211 235 0.04164983251693451
212 211 0.026731909042735622
212 213 0.04198858560186854
212 234 0.05664273151857477
213 190 0.041711832895460106
213 236 0.05101451662479335
214 237 0.02531410648106657
215 214 0.04166462172553362
215 216 0.05410135852140398
215 238 0.02977099646812016
216 192 0.05349801875957502
216 215 0.05410135852140398
217 193 0.05286053251484737
217 194 0.035430063270466335
217 216 0.04185564343443013
218 217 0.03600028299310091
218 241 0.041739019081967164
219 220 0.05052045909806167
219 242 0.031132017706797643
220 197 0.025996693985166613
220 221 0.03255457676536846
220 243 0.04909777939434199
221 197 0.055799679202630834
221 243 0.035291732375394604
221 244 0.021497542701603065
222 199 0.04855071163187243
223 222 0.03900958516518446
224 223 0.03756545787490403
224 246 0.047718033738977234
224 247 0.024678338499755363
225 202 0.047406618233133926
225 224 0.05279852266024259
225 226 0.05032566198155461
225 248 0.03428035787639348
226 202 0.05079233837075987
226 203 0.038795338314447474
226 225 0.05032566198155461
227 226 0.04441741342530912
228 227 0.054844094618087695
228 229 0.03683530021240807
228 250 0.037814365833574476
229 205 0.05661547139710638
229 206 0.04613987520424771
230 253 0.03592352921408254
231 208 0.035671167196659484
231 230 0.0508429166778532
231 232 0.03407184240316127
233 234 0.04867643658514754
234 212 0.05664273151857477
234 257 0.031184346176010205
234 258 0.0486273751674813
235 212 0.019130483253414772
235 213 0.04959658688930094
235 234 0.04440460327904023
235 258 0.05275810176065769
236 237 0.041478431005112566
236 259 0.039291635553130276
238 214 0.04147155045356685
238 237 0.048649214446101485
238 261 0.05143123917140621
240 239 0.04094444307983545
240 241 0.04945121296790903
240 262 0.04651400602291069
240 263 0.018359592364094818
241 218 0.041739019081967164
241 242 0.03888715784022436
242 264 0.050303795974709804
242 265 0.04878846214349314
242 266 0.04983262612541999
243 219 0.05222505343574863
244 220 0.052630639312565335
244 243 0.03097491661359534
245 222 0.043989700856607326
245 223 0.04535825940650606
245 246 0.03939258184266032
245 269 0.05297008277971157
246 223 0.03468843925261689
246 269 0.04141111686304788
247 223 0.04802719932991459
247 225 0.053622066355614166
247 246 0.038221710949250615
248 247 0.04406738706395257
248 249 0.05510491428965026
248 271 0.03872072398056826
249 272 0.038143165027341296
250 227 0.03849904276199165
251 228 0.032050367044429165
251 229 0.052822944468630735
251 250 0.04083033242816421
251 252 0.05182277099695233
251 275 0.05123842844809036
252 229 0.05041248738819131
252 275 0.04487705999799754
253 276 0.03798012104218887
254 230 0.03774748989108927
254 231 0.04789314783600305
254 232 0.043351901953743284
254 253 0.04225235280071378
255 232 0.03621362739954864
255 278 0.05541421701257316
256 255 0.029598313670888575
257 234 0.031184346176010205
257 256 0.038805232752398534
257 280 0.0471603689707679
258 259 0.05535815305353217
258 281 0.04495584291667731
260 236 0.05642841607844597
260 237 0.05463021727163209
260 259 0.037119807483728756
261 238 0.05143123917140621
261 260 0.04485850948352843
261 262 0.056582432521479695
261 284 0.04106491917179777
262 239 0.030056770097283955
262 263 0.0411916260744155
263 239 0.04809151218504372
263 286 0.051473976869337676
264 240 0.05241834052394565
264 241 0.034607771001425744
264 263 0.050528470530548125
264 265 0.039887182050892124
265 266 0.040000368097825846
266 243 0.04268426521930936
268 245 0.03338531578923844
268 246 0.047082275479925925
268 267 0.05399801058384073
268 291 0.050398068727032994
269 245 0.05297008277971157
269 268 0.028991695540785
269 291 0.051999018956753025
270 269 0.04108826488971603
270 292 0.052862732972938455
271 270 0.05089000213191134
271 272 0.04428333164038871
272 295 0.04526282985167529
273 250 0.05366799714404949
273 274 0.03693455123875995
273 296 0.05103374214836609
274 275 0.04874278501109724
274 296 0.04938059842657838
276 254 0.0543589291930142
276 277 0.03417084571948748
276 299 0.05457754415677269
277 276 0.03417084571948748
277 278 0.05185209471488713
277 299 0.0354418300161196
277 300 0.0350799408632621
278 277 0.05185209471488713
279 255 0.05324767050514839
279 256 0.04427369955822164
279 278 0.04451107683815206
280 303 0.04125762916056189
281 280 0.03818656530501149
282 281 0.05485358392889478
282 283 0.05138480731465921
282 305 0.041808868928740806
283 284 0.04807628453528868
283 306 0.031452426295662826
283 307 0.0546661123125363
284 308 0.05385425734466043
285 284 0.03185314669847146
285 307 0.056484636995622055
285 308 0.03588959853077114
285 309 0.054904432930947523
286 263 0.051473976869337676
286 287 0.04508204510227719
286 309 0.051772241873362
287 310 0.039122394905807996
287 311 0.053558139253773195
288 265 0.03578672545626721
288 287 0.03848892927990875
288 289 0.049074622900573496
289 311 0.0542087880403216
290 267 0.037460713003968006
290 291 0.0394651449241345
290 314 0.04898683739354192
291 269 0.051999018956753025
291 314 0.04506282585453853
292 291 0.049215207230929266
293 292 0.05279387052324232
293 316 0.03550363724145053
293 317 0.04730641347391124
294 271 0.041940209307419894
294 293 0.03492080879665265
295 294 0.04576266051944779
296 319 0.044260804408814136
296 320 0.0483073045989956
297 274 0.0432105361229845
297 296 0.035320727361415324
297 320 0.024553771482098766
297 321 0.05024804368818565
298 275 0.04743451979753694
299 300 0.01857043668059427
299 323 0.05106424189930977
300 322 0.050745010918742416
301 324 0.028662220905465868
301 325 0.03959410415976501
302 301 0.03308050557291093
302 324 0.041870474992509225
304 281 0.05171313845793456
304 303 0.04677931867470428
304 305 0.053235508980107336
306 282 0.04132054089870824
306 305 0.03725105969009744
307 308 0.029485620716124226
309 308 0.04841261289025854
310 311 0.03915817271926893
310 333 0.04731405009804477
311 288 0.04202072221133748
311 289 0.0542087880403216
311 312 0.043021457102617004
311 334 0.04877866037700727
312 289 0.03554974820293011
312 313 0.03770832161396031
313 336 0.04857299591633008
314 313 0.054458881382237485
315 292 0.04599760488444909
316 292 0.055414912294039595
316 315 0.04511137461582777
316 317 0.048988620124450676
316 338 0.05205256251593329
317 294 0.055948486017889064
317 340 0.04434890638884658
318 295 0.052018392170812014
318 317 0.029281349866231605
318 340 0.05237965690369479
318 341 0.046299992737300254
319 297 0.05455821726159494
319 341 0.05097592998510438
319 342 0.040949553513630346
320 319 0.04400284802119186
320 321 0.039806322918839926
321 298 0.04806485015894202
321 343 0.05140218458880166
321 344 0.05054855103330355
322 299 0.0451308308118368
323 300 0.03803490959638286
323 301 0.050945353824099315
323 322 0.047780246016159475
323 346 0.041456310164797124
324 323 0.05203282171014969
325 302 0.02660409393637962
325 324 0.02716668689758074
325 348 0.05253080786184035
326 327 0.043654094765466396
326 350 0.045782944233210165
327 304 0.053681648251545484
328 305 0.050792876312702094
329 328 0.03390943204047803
329 351 0.05127075457156628
330 307 0.04780252700673286
331 330 0.040264923252799664
332 331 0.04316333678934388
332 333 0.03829676785294302
332 355 0.019194782341072057
332 356 0.0536586184120378
335 312 0.05432618683900384
335 334 0.030613859667446574
336 335 0.051023286265261536
336 359 0.04570311688690935
337 336 0.04561064342741904
337 361 0.0546697334300326
338 315 0.03622932703037085
338 339 0.03519974201887826
339 362 0.04628037215534386
340 339 0.05463833825961642
341 340 0.05458735750192519
341 342 0.0451324336386644
342 343 0.04600929741140998
343 320 0.0509686115048205
343 367 0.049254876401294743
344 343 0.017403509684298678
345 368 0.03765430350893806
346 345 0.03667055787115344
346 369 0.052298976381717745
347 346 0.05364076786055792
347 369 0.03942172498267116
347 370 0.03906722567920256
348 326 0.04875853910469674
348 349 0.017380819741268427
348 372 0.05251789266438546
349 326 0.03920211862794401
349 348 0.017380819741268427
349 350 0.04395665307250768
349 372 0.04966998139346874
350 327 0.026954248961081055
351 328 0.024909702067374303
351 352 0.05565842493642303
351 374 0.05141140627133452
352 329 0.04543239961088607
352 375 0.03642769996529268
353 352 0.02364252604298834
353 375 0.04481643263445773
354 330 0.0497649134560565
354 331 0.03631786451515013
354 355 0.055832623536528556
354 378 0.05048130232441558
355 331 0.04603203214385968
355 333 0.05142544237581053
356 333 0.05471569169486996
356 355 0.04468750511567647
356 357 0.03303187934722076
357 334 0.04633971017209857
357 358 0.052906912282449425
357 380 0.054594934015738616
358 335 0.055211314765131116
358 381 0.03558138101652869
359 358 0.04225083938203319
359 381 0.04302908518425536
360 337 0.0475669586417018
360 383 0.02398714437127811
360 384 0.05169702482396541
361 338 0.04582285527619087
361 339 0.0548512122991626
361 360 0.03213022868422159
361 383 0.05199150520264087
361 384 0.0555819533142736
361 385 0.05376227646352729
362 361 0.0529354585612696
362 384 0.055448354446514254
363 340 0.03814044694804847
363 364 0.03094240867550003
364 340 0.05554367737096651
365 366 0.036524641313254065
365 388 0.022490802470130085
366 342 0.04740592682294698
366 343 0.05086342964464872
366 367 0.048362281000749574
367 344 0.0386745682345781
369 345 0.05561026512071091
369 370 0.05021571678821868
370 371 0.03726450612771176
370 392 0.02767372638655265
371 372 0.035326180406276025
371 392 0.04655987052622492
371 393 0.04446929150771665
372 394 0.05106420081666642
373 374 0.037960064115031514
374 375 0.034335609318257326
375 376 0.055996217397816475
375 397 0.044174160659830805
376 353 0.04050230628955482
376 399 0.04286547538902035
377 354 0.03313656374045141
377 376 0.05434723296561712
378 355 0.05334689648343914
378 377 0.02731943543671788
379 380 0.023832436753501204
379 402 0.03743642461345808
380 356 0.05398847485331168
380 357 0.054594934015738616
380 358 0.05517885991441105
381 403 0.04840198417923476
382 359 0.050986837634435844
382 381 0.051022932500504735
382 383 0.05252640297781042
382 404 0.029986385215919294
383 384 0.04312576671753255
384 385 0.035577168169268356
384 407 0.053933906394114675
385 362 0.021714881657574767
386 387 0.054000911564691674
386 407 0.047641514224309116
387 409 0.03191997213388962
388 387 0.04756992007761349
389 411 0.03832839709603438
390 368 0.040525790130408135
390 412 0.052889087303339265
391 369 0.042469582734763624
391 370 0.055282511175379016
391 392 0.04085716374229816
392 393 0.054455993730361
393 415 0.0247024745618174
393 416 0.04475292940878605
394 393 0.04879324769495493
394 395 0.022116734287472833
395 417 0.025347965404464226
396 374 0.046675424008592405
396 397 0.04810413155913675
397 376 0.04559614595514155
398 376 0.04965624204943908
398 397 0.053008877827636754
398 399 0.03263540352676955
399 377 0.047908765621267016
399 400 0.052836861077173565
401 379 0.04147436614738599
401 400 0.04499044500363223
402 380 0.035713391395107714
403 402 0.0351227968326358
404 403 0.052708315663856656
404 405 0.05435503547167675
405 406 0.036888378502179395
405 427 0.01778365268712988
406 384 0.05359446361614041
406 427 0.04306023870854488
406 428 0.0380659306461642
407 385 0.04808168054595529
407 408 0.04389714982990684
408 386 0.03659012541805191
409 408 0.047089747168420855
409 430 0.050587275278542156
410 409 0.04686133165743392
410 432 0.029412140658399318
412 434 0.038945604824159694
413 414 0.04453527054214195
413 435 0.03238981662383436
414 415 0.05586991763404736
414 436 0.032174548913466446
416 394 0.052247137796308435
416 395 0.051621537632060906
416 415 0.031077037472425698
416 417 0.037954689399318314
417 394 0.041895447270546574
418 396 0.04181773141207592
418 440 0.049614509372284205
419 418 0.03184037401649756
419 440 0.046984450806136856
420 398 0.027980573863318262
421 398 0.04364509104656036
421 399 0.053355055065601426
421 400 0.0472162445612001
421 420 0.0418533960438571
421 443 0.05545286167782307
422 400 0.046333179236134205
422 423 0.04698694034296291
422 444 0.04503811243348581
423 401 0.05405479136836633
423 422 0.04698694034296291
424 423 0.04074519705394217
424 445 0.04628747884641198
425 447 0.03682609978411068
426 404 0.048544552921414214
426 425 0.024398924273470235
426 448 0.05339109250734721
427 406 0.04306023870854488
427 426 0.056432894514676625
428 450 0.04100389989832226
429 407 0.0441320864706235
429 408 0.04521574880965949
429 428 0.04340653096125666
429 430 0.04537431689817292
429 451 0.045684017178529004
430 408 0.03753645265465283
430 431 0.05110979753566305
431 409 0.05554529799530281
431 410 0.04902040738757734
431 453 0.0337274870297498
432 431 0.040195179677726504
432 433 0.039162345885170216
432 454 0.04498066769579134
435 434 0.052676179479437334
435 436 0.052791377421136904
436 437 0.038241253774334544
437 414 0.0531071368375338
437 459 0.037191133032383326
437 460 0.051939600919936574
438 437 0.044829175050449886
438 439 0.036579872553814986
438 459 0.03642369024842293
438 460 0.019290671174005795
439 460 0.04826261698123539
439 461 0.03947280517788048
441 419 0.0511731078182276
441 440 0.03749581232858957
441 463 0.03046823699851091
442 420 0.04712433636919603
442 441 0.05380462123913265
442 443 0.03985386931520605
444 422 0.04503811243348581
444 443 0.04538449774667802
444 466 0.039646612626257155
444 467 0.05251724832120431
445 422 0.053079520544714306
445 423 0.03348231518392707
445 424 0.04628747884641198
446 424 0.045221042731938804
446 445 0.04205352561081276
446 447 0.04374181459847965
446 468 0.029547238811299812
446 469 0.04435977795849449
447 426 0.05478965038465225
447 468 0.05200923396276529
447 469 0.03670996820779202
448 425 0.05326572214771537
448 447 0.04005649239196909
448 469 0.053452127014254794
449 450 0.03160748706664641
449 471 0.043355984896615275
450 427 0.055717217551061904
451 430 0.05660973923392096
451 452 0.049110580196157085
452 453 0.03308745659973793
452 475 0.0536109435488106
453 454 0.0474067786763081
454 431 0.0471946904445371
454 433 0.05540135891035131
454 453 0.0474067786763081
454 476 0.041889311454122904
455 433 0.04887835603000015
455 454 0.042424746986349536
455 476 0.043156081107817594
455 477 0.04284346373431279
456 478 0.041737617489339636
457 456 0.0484606346233821
457 479 0.030367896320249776
458 436 0.03773895762241502
458 437 0.04734740522901965
459 458 0.04545040092899437
459 460 0.02729577540411343
461 438 0.04207074223543012
461 460 0.03521935134679992
461 462 0.05577915511990879
462 461 0.05577915511990879
462 463 0.051318511349298546
462 484 0.04478005394173544
464 463 0.04227855948807451
464 485 0.05376782901149854
465 443 0.0404121380673612
465 444 0.04883456989572363
465 466 0.032476261929917066
465 488 0.04685025260344568
466 467 0.0451662198610113
466 487 0.0445313085776798
466 488 0.02817224201393546
469 468 0.02832303723944035
469 491 0.05403421341084883
470 448 0.046627943546315595
470 469 0.05160143546471723
470 471 0.05368936964456989
470 491 0.04729871656856708
470 492 0.044858355878232545
471 472 0.04624563725189141
472 473 0.032449143781111765
472 495 0.041357031424546525
473 495 0.023303003008640258
474 452 0.05120064365941075
474 473 0.0483257252779999
474 475 0.045944032202125354
474 495 0.05324992875688224
475 497 0.032402785190358205
476 477 0.04355387673283827
476 498 0.04712640892744593
478 457 0.041427166444686005
478 479 0.040660799292961985
479 480 0.03367783853821986
482 481 0.036721039152396995
482 483 0.046383243666602576
484 483 0.03484992059751209
486 464 0.04701519779307912
486 485 0.040153163703760125
486 487 0.052639681719581784
487 465 0.03885011962176694
487 488 0.0305973318943505
488 467 0.05656252282803999
488 489 0.0498338537529486
490 491 0.036909921955238116
491 492 0.030763528314640118
492 470 0.044858355878232545
492 493 0.052662059058149774
493 470 0.0521050228303305
493 471 0.03465025509994468
493 492 0.052662059058149774
494 472 0.04182816668619473
494 493 0.047025359564895834
494 495 0.04873994951978858
495 472 0.041357031424546525
495 496 0.04835334557150229
496 474 0.0507119725992382
497 498 0.048144166623862096
498 477 0.04426477315824586
499 477 0.04237890338528819
499 498 0.03513770938327071
0.03193932079042139 0.017792336628215125
0.07058823274123063 0.033618395116317715
0.10482993897768361 0.022597037348957117
0.16347221411117555 0.00957808799876544
0.19015842227865945 0.02261047846424076
0.2599305348440517 0.037319712703109235
0.2973864863389561 0.02799184480894168
0.3480024504128395 0.03599780896801116
0.37679878765435953 0.026902804018544356
0.4429938472595442 0.02802028705863089
0.47486059894868565 0.034333886851511945
0.5153940249735117 0.027886864814816566
0.5642978010753449 0.035910059538363896
0.6183614392309146 0.03232675830106215
0.6666466911936733 0.023756494933772854
0.7156265004295924 0.01187811374719942
0.7370816545851744 0.012862955073830354
0.7981888023299027 0.00962789462578288
0.831826784206407 0.023680113806360863
0.8891529590454645 0.0293445670441655
0.9173930923460143 0.009913593690283159
0.9804515265722763 0.02268712319813558
1.0182560000950296 0.019651383202048033
0.03759073214016805 0.0590171989109905
0.05994378115562733 0.0785222947623056
0.11801585217776166 0.08248537532870974
0.1669375283631466 0.056446208401184604
0.2088644254259758 0.0658719047129009
0.2429232699152356 0.07106473326952617
0.28893886335714825 0.08095417447289775
0.3529690256774823 0.07295174276749247
0.3904127434348523 0.07822096681387346
0.4258510449402104 0.07746976273074824
0.47535981461792903 0.07728432879601298
0.5272969521314287 0.06838764480575074
0.5624797049944478 0.08153531164912518
0.6131672803675013 0.05728920576819581
0.6567532068634779 0.07008650461234645
0.6919244480081368 0.06401789535366242
0.7501017616467851 0.06593292999850621
0.7990487818345786 0.05600996540980576
0.8499050999773359 0.07608905965029379
0.887809248156222 0.08291353723592607
0.9444477770663491 0.0672233695006505
0.9709820874377509 0.06737339648397088
1.030019631851613 0.05901303652210754
0.021279053704862917 0.09873580101118683
0.06803246603299606 0.11253457800731406
0.1234893286882859 0.11460319014135928
0.17122634090618666 0.10340061226442486
0.19229177246317367 0.1220090769780219
0.2594602440873526 0.10541202134638777
0.3045388000514944 0.10730670571731385
0.35589524708203457 0.12203690186943429
0.38627714243951544 0.09894410504395679
0.446311009596626 0.10732542913236912
0.49012675088977203 0.11286010661904106
0.5251212025871935 0.1276504965469525
0.5597053175622125 0.11446265342941066
0.6131884387930953 0.09910946633446163
0.660925996604816 0.1276785898173119
0.7111481048599068 0.12616901101413064
0.7461189441189368 0.10948406384553742
0.8085423121604417 0.1142736799942558
0.8314878478243478 0.12218206450929721
0.8890944769924772 0.10721500781256849
0.9314106645976167 0.10548857428129355
0.9859218183782085 0.11907165315513986
1.0245293249939598 0.12622120746051857
0.011932839002705822 0.15593676303788284
0.0809916694728152 0.1705086960713243
0.10918045248471393 0.1653556318623777
0.15670125371644433 0.1628651688476599
0.2001752693116693 0.14776832680266333
0.2626332333969154 0.14456356465014394
0.30228944441042505 0.14610654947289325
0.35336919679983503 0.17231583666420616
0.396126678546919 0.15430426017891535
0.43171775939599416 0.164596626432392
0.4773712465387512 0.1655748083955504
0.5128937321412929 0.1597590443127948
0.5709763766245214 0.14506530738224943
0.6240449197630978 0.1555679504489399
0.6529736588448686 0.17255810557270929
0.7093056739126051 0.1475539821302568
0.7495894576877105 0.15834039589626972
0.807929400484995 0.15276152159069498
0.8411961066349782 0.1537516656236449
0.8788627405864926 0.15057119545757627
0.9299049396688276 0.14724485809843543
0.969372211142731 0.1533224415710995
1.0343250338600867 0.15706080231258773
0.012565083886691614 0.2118986250064548
0.06771127820824292 0.218271169694752
0.10795114976100476 0.21617530824394665
0.16549899491351042 0.20590208068232935
0.19420709777391804 0.21363514449185456
0.24870619594376192 0.2134721063476749
0.2822123981812587 0.2133386924584706
0.34906042286186256 0.19938299358711287
0.3919520059777668 0.21408197803099197
0.4327023504071856 0.19946169689056528
0.4662997337839159 0.19769607824425542
0.5192055645450065 0.19529553308568348
0.5798248350398073 0.2092332577194809
0.6032494176816485 0.1930102468666223
0.6479669737451215 0.19887454936780058
0.6939531917174725 0.21944991998298483
0.752110264448886 0.20487610992006716
0.7825341193032329 0.1914188060917654
0.8547101383239788 0.21729158693569992
0.8780435815725485 0.19328387488710289
0.9356873287170927 0.20856516770884298
0.9734651293970498 0.2088129874373026
1.0368013127784796 0.20938489499121815
0.01497019109763351 0.2400918765586777
0.06919655992146256 0.24187280285846025
0.1247134820049986 0.24063242476366642
0.1598697864327985 0.2581765343521347
0.19584643909236005 0.2577188860753061
0.25907152745496004 0.23717997636785365
0.28561541984222966 0.2624557742953278
0.3308124451413896 0.25718627247242554
0.40121909176115067 0.24215388251485054
0.4354212929428097 0.2553180960739143
0.4707991981077247 0.25134664297112586
0.5237699081162257 0.23775453099006164
0.5603488638466702 0.24304951423807059
0.5991593656082472 0.2369631401911924
0.6628064448660204 0.25449670342634356
0.7113140183734932 0.2564261936626798
0.7590697278630746 0.25060321572132305
0.7883656650914042 0.24909242928009967
0.8475695717324431 0.238351382940563
0.892583183801053 0.2374556606002357
0.9193838978676682 0.23618971049033277
0.97391346053481 0.25076895727602744
1.0096522069442797 0.24435802930030615
0.03669299069686429 0.2839025935380922
0.07781308442649093 0.3102711862422981
0.1282568711078252 0.3036545599832332
0.16802323702396674 0.3086128377079472
0.2072494934118975 0.2982878233808109
0.24066297715416182 0.3049750437083512
0.30241089790107734 0.2965168323364644
0.3342714293402419 0.2965464512971499
0.38220169978586516 0.29036978703853483
0.4273124683975172 0.2807745978173506
0.4691104861479856 0.2950401724604405
0.528122126617415 0.28583360515450684
0.5716788407332055 0.29619276441610315
0.6210482007487264 0.2832990068547085
0.6485442149038693 0.29484222321969644
0.6935266222858587 0.3073030898204809
0.7630489286919798 0.2809672975524534
0.8035559615686702 0.2947077985659812
0.8496491276683599 0.2940060819128342
0.8751857191232639 0.30203341288650415
0.9444805683288697 0.2912976980165009
0.9812258719602154 0.2870199104034624
1.0219986515304447 0.29439319477856896
0.011959877921493174 0.3412286015038501
0.07215361936885932 0.3534079177782233
0.11529196751745505 0.32592351726255
0.15717921303075158 0.3321382153879745
0.2111183858243964 0.35296862672961277
0.24740065996712013 0.3378807140245379
0.29896314310098304 0.3474565659177842
0.3296875052494414 0.34159073889644925
0.38578903639257783 0.3265198009457665
0.42301577187604955 0.34347045504881196
0.48765694816312993 0.3419933846612491
0.5103349079825241 0.3490142819153799
0.5763789228003781 0.3514814409764525
0.6163762328591718 0.3291408678019602
0.6568568454836943 0.33656364674276773
0.7135546717716545 0.3289437909894631
0.7633278570081777 0.3374541532803659
0.7836136230762182 0.3418880780337667
0.828704434368734 0.3549390523147864
0.8765983495453089 0.3545120407224823
0.9306013596115664 0.3528696699835098
0.9811163139734768 0.3308638703647734
1.0104835931281198 0.3378776521151604
0.02519891666464432 0.38146438747327005
0.06319383328378875 0.3727584987614066
0.12450892144307849 0.3794504401547037
0.1520171424047583 0.3770520855640586
0.2077779679760156 0.3930813419731312
0.25304886920687636 0.38909531690065485
0.2863907031847017 0.3908015535554103
0.3301329906531941 0.3900516468969481
0.3986835197727487 0.38981932179576967
0.4407581935231197 0.3994074641285656
0.47706938643040653 0.39441048724058614
0.5113112655023616 0.37589355208318426
0.579353996697578 0.3740708649892945
0.6188098603530452 0.39592282661250805
0.6609360340595671 0.39785602314272517
0.6920330239699714 0.38706968714129075
0.7628949214300584 0.39885468032997995
0.7987471789655362 0.39594247007045985
0.8377174529224956 0.3962868681249496
0.8729420553215849 0.3825641978599617
0.9396002582028011 0.37220044047160467
0.9766453539998057 0.3870779424878834
1.0198881024015234 0.3851594136345891
0.029522183923883567 0.4246863925182681
0.07481401331199897 0.43012960231743447
0.1251764214807812 0.4321295221905118
0.15138710397219535 0.4428801168157281
0.21949249162333337 0.4300634091937418
0.24166404880699072 0.4449971633473665
0.281669449916362 0.4322453319916844
0.353922302864304 0.44386741253967127
0.3955319617086382 0.44172802141368983
0.4441546164743374 0.4180047324891516
0.484527507026196 0.42904667959089954
0.5200978999464702 0.43459352762204856
0.5803541446887797 0.44582785795520063
0.6245132098056989 0.42128618410277957
0.6487719872487537 0.4429959096961767
0.7110112424152234 0.4317574799331207
0.7477433477215175 0.44489141211381583
0.7852782377122217 0.4433762689730787
0.8380758155520168 0.4436921318466912
0.8825552777777247 0.4201496236117236
0.9252093131251333 0.4325407447868572
0.978659478405364 0.4448271008778133
1.0126924758255995 0.43073474733653155
0.03125409465470961 0.4861772082603556
0.07778097357648313 0.46567716645284335
0.09956691996238098 0.4918737880826765
0.16655146425374337 0.4649310440601214
0.20795895258431438 0.49052040491148924
0.2435962590393915 0.46402981826272155
0.2998399314677665 0.4799141321302592
0.33792713360488086 0.46348777306890676
0.3861413190622515 0.46997918176849096
0.4448994416120404 0.47900250789335663
0.48416328592771923 0.4906127597714178
0.5310424278698295 0.47487209540268877
0.5699285029580796 0.4751622834822064
0.62646663350082 0.47034508826219606
0.656565622141602 0.46303096890158524
0.7143781035129821 0.47561814599967966
0.7536183884614355 0.4790787155185419
0.790070931685369 0.4675847483881156
0.8329868544340087 0.4775926541269307
0.8880489481679414 0.47976461464805015
0.9464552382040735 0.46464661591862566
0.9856441744840734 0.4761071272264386
1.0374464906790166 0.47465123209227394
0.01919940652991728 0.5200177822124775
0.06031215458570359 0.5102708204039228
0.1236559063402629 0.5189135281834903
0.1532084550765722 0.5205588352516006
0.19187103135558653 0.5172344880318864
0.2490621601263607 0.516504014080241
0.304366507321198 0.5189441556439998
0.3414743741009262 0.5180027042713667
0.38620326403162175 0.5214103836359095
0.44137440725766314 0.5088518556497389
0.48256600190520893 0.5089027383260023
0.5330918336306707 0.5094191321745243
0.5702381397469048 0.5239497630582828
0.6070811109395364 0.50837334107952
0.6648191298544287 0.5221088139276046
0.7171732027144836 0.5088862498049905
0.744190426870531 0.5194023331648474
0.783851706691648 0.5301367821306084
0.8328281993364236 0.5163130530677909
0.8771115304175046 0.5163060148847053
0.9390901563012579 0.5178068405797247
0.9729562033559518 0.532546309094493
1.0185706738694214 0.515365529996505
0.031070928713723495 0.5560948740495244
0.05556814286421715 0.5799178292828675
0.1067633149244629 0.5716901878198807
0.15073208963490226 0.5647632251554436
0.21152885852482806 0.5601025441161457
0.2496914502737139 0.5614554523915944
0.3017553445484617 0.5787258485304265
0.3530912692608856 0.5809666646061014
0.396856824344608 0.5610692948570191
0.4257103159697383 0.5745637002026754
0.4837963130365662 0.5603620098838583
0.528469330334509 0.5664210787975984
0.5663350707796106 0.5595230082225743
0.6139871257223098 0.5712533224797232
0.6707989451213033 0.5590891712560527
0.7102630908873546 0.5588083459744355
0.7565877893508683 0.5754263763946701
0.8089689420178212 0.5820148215910916
0.8345269993196182 0.5582188430659198
0.8801743752530179 0.5614650975558056
0.9394707998998316 0.5688391631617588
0.9741105542864961 0.5757414234705992
1.0353149162916524 0.5597464269469777
0.037337636475362486 0.6103114462393511
0.055307293558963515 0.6149968003140981
0.11451863985924891 0.6282383078503536
0.1473503809842729 0.6241890333895643
0.20154830619324227 0.6001347878592451
0.24650360319475056 0.6130702401967444
0.29922399946623146 0.6204580161373853
0.33330174999434875 0.6054131377072149
0.3917033819949517 0.6196640622650991
0.41953151235015784 0.6099174223338824
0.46794337218530263 0.6096473961049304
0.530026857246348 0.605512457554108
0.5689748483391299 0.6014607319280718
0.6116726859589448 0.6067276507450122
0.6456014288987534 0.6231823741236124
0.6955087971822785 0.6013873207303032
0.750827433212269 0.6210618664464094
0.7955117407879071 0.6148692275730921
0.8444744435785916 0.6132759174561246
0.8737551768773506 0.6130858977844947
0.9340376658438501 0.6127652358435389
0.9762099103389337 0.6002052824907992
1.015862609788945 0.6036991014108403
0.020988274354258728 0.6523767555571209
0.06873482654669369 0.6505826922639767
0.12045489944147263 0.6562790590779185
0.14706159464663712 0.6507915598979038
0.20395349309504662 0.6575221964120926
0.24662075378003126 0.6667517606180497
0.30711889600779024 0.6706335768489063
0.34054029427573046 0.6649012370889549
0.39958264026199447 0.6668127512966158
0.43948001239358503 0.6722408026548131
0.4826112333201705 0.6705760431609509
0.5151862869471019 0.6504388062803669
0.5736576091618527 0.6500140990538705
0.6025010166906943 0.6602740330625898
0.6523213127210441 0.6712882894948299
0.6978895974900102 0.6693230370740012
0.7627109807243674 0.6552867906333416
0.7935196200918846 0.6723117598996238
0.8461382843220308 0.6575936016450254
0.9003262595554675 0.6510024758577694
0.9454454995651745 0.6520936894458901
0.9913421266616216 0.6488757600710808
1.0080794464987495 0.6536448557926158
0.032394106382609464 0.7106479067650178
0.06381802740737337 0.6917463988354632
0.11016831981266514 0.7187460723633823
0.1739229649899317 0.6959352478054947
0.1912531908796839 0.6946100438632167
0.2350699260790936 0.6911056087016523
0.2982714779793975 0.6939191185285887
0.35187686633272103 0.7088965217044668
0.3733323563564265 0.7188278350887105
0.42894037681137503 0.7069957068373168
0.48204686758385096 0.6897625269564982
0.5242708162141568 0.7043950686198218
0.555072539867073 0.69246364484817
0.6027082456514667 0.7154849589219902
0.6449493277195899 0.7163929314989167
0.7166662758460177 0.7130271776597216
0.7447683189954578 0.6974506964740563
0.7932989764583952 0.7185916060880472
0.8474314339714499 0.6957121202072821
0.877371544931365 0.7035238044270666
0.9399146702530713 0.7175926767007874
0.9677384954375913 0.693930804941285
1.0160392174209905 0.6914914444763596
0.016939100947159894 0.7449843215419488
0.0783295231727398 0.7419917908752037
0.12709971143693824 0.7539536865957502
0.1636860249878666 0.7610307677522316
0.19472265709606723 0.7441587053567515
0.26245907402197205 0.741445179785203
0.300223571597634 0.7452934508872856
0.33426148799276506 0.7407818752496542
0.38798044067849985 0.7565885347706065
0.4392273730966619 0.7384950649887378
0.46645118333101465 0.7407788576467841
0.53768709619467 0.7603716993233923
0.5574202815275646 0.7470080756296755
0.6162007722482664 0.7484089076687314
0.6650125979078141 0.7632664080215157
0.7099389861396803 0.7360516574213914
0.7496730330450841 0.7528158237142378
0.7814287392290761 0.7367749378378163
0.8353087574667962 0.758851568114265
0.8891494368273113 0.7630084534646034
0.9292262663772263 0.7373814163862052
0.9863680063558972 0.7523529884696212
0.014368573082775015 0.7854285059470312
0.08094404405027919 0.7843808193878489
0.12166839864320902 0.781089197894682
0.17061518951136287 0.8049568939894107
0.21708126334741681 0.7900678039270997
0.23548970478899453 0.8023266464187333
0.30304792414592674 0.7918833450604305
0.35012756309170495 0.7820083731721718
0.3977586597749561 0.8052725034438174
0.42168310827783234 0.7830758747090679
0.46765245202678396 0.8091249308105711
0.5081116873504148 0.7894477760708248
0.5690821456706192 0.7807637751432257
0.6014094161668883 0.7944954334410302
0.6540122306929712 0.7911622001675744
0.7052595636883426 0.8092779596600371
0.7419889332092658 0.8058565735205422
0.7943008201261421 0.7831015774472536
0.836432841692351 0.7954244229763431
0.8835120172453887 0.7944266666774144
0.927552354526257 0.810440195235961
0.9909246680329189 0.7904095629123171
0.016861763257235346 0.838258796108398
0.07502898480302973 0.8500218718236056
0.11941086150977517 0.8537150198370249
0.16983083703128224 0.8296469130389017
0.19939347881615122 0.8392298389366675
0.23554639997675544 0.8276745484187332
0.30280042015489017 0.8337003440228972
0.33138805287439854 0.8477202111051825
0.38721782242472896 0.8311916712868764
0.4287993660011199 0.8359542330144192
0.4837449796399625 0.8525736828426701
0.5288388349560916 0.8393707749992756
0.5693162531786166 0.8440344320410599
0.6261912944519197 0.8468336558878795
0.6494597183024491 0.8394928141640273
0.7045027559373067 0.8270455015531757
0.7617107391601685 0.8384152197760842
0.8033887075842756 0.8262878178230827
0.8485217397456675 0.8309609368986669
0.8965577045379196 0.8484182416910448
0.9355699396290473 0.8387384698693902
0.9730213864309297 0.8501874203748069
0.016862917006746365 0.877204400915468
0.06932884151719625 0.8819061718386064
0.12197737785491265 0.8857870417819411
0.16016755138717767 0.8877629303943231
0.20313956226415328 0.900532472942628
0.23751492869615964 0.8880256244699456
0.3006662854792259 0.8832689329622507
0.33480376793207 0.8987791951767515
0.3845336197915096 0.8782394994456868
0.42228172842124195 0.8910227382477841
0.46752581460414017 0.8945899922607052
0.5328992554951206 0.872605973435904
0.5715400629888431 0.889200762152015
0.6146521517578603 0.8818052130621806
0.653183291566463 0.8927539046642755
0.71533430128237 0.8939606659028209
0.7377951862689509 0.8717223682097014
0.8091228508016343 0.8716105386938662
0.8524672164177751 0.8946998231465616
0.8813224492479339 0.8785086118714016
0.9285004750887121 0.8831601215436824
0.9679369345134734 0.8988006082654866
0.012055679609996327 0.9397971019319963
0.06051616982468104 0.9399154076942704
0.12849674870282032 0.9229586267114795
0.17394250681901108 0.922309000779874
0.20111489744879313 0.9197165998899003
0.23547568082368464 0.9274457185429626
0.28854325423591054 0.9446255555046122
0.33746669810847013 0.9291308387677178
0.3772325425079846 0.943488910072049
0.4336806199751938 0.9297939411504116
0.46585641089737967 0.9342014424235098
0.5101348971475829 0.9252906022878223
0.5774505658734734 0.9181508101143718
0.6057642504731235 0.9174230032318399
0.6524628764528697 0.939376282568266
0.70606485252399 0.9363141633507448
0.7517021894215188 0.9437902883988551
0.7841498868082791 0.9440966646781105
0.8324216385765124 0.9418133108135539
0.8783653454988436 0.9416404258087993
0.9334577629882174 0.9247550696838344
0.9737692314165299 0.9412452392285185
0.036469814150254104 0.973649409805118
0.0763691147874265 0.9658170150367811
0.09988417156405224 0.9899259120127623
0.16404230920362925 0.9799410132666778
0.2001468325357885 0.9866416185669057
0.24652971569249707 0.98682449313197
0.2813224808883702 0.9888196010683326
0.34879868041461326 0.9891232712822696
0.3889517115899193 0.9890201070643463
0.4374120166894309 0.9684644528251565
0.4673885018837791 0.9623319937387816
0.5083196329910723 0.9907583105270651
0.5815880932846652 0.9816988885897469
0.6167060044874813 0.9703377860247272
0.6445009763869256 0.9835224062875472
0.6951810288492563 0.9692107066449657
0.7398517389857523 0.9839046543142916
0.7856935950782934 0.9673484799620359
0.8271420554514317 0.9922497080573227
0.8930764996343726 0.9705112143690933
0.9412151706968177 0.9712386263898288
0.974098133195383 0.9836228662946894
