250
848
0 13 0.06567579646356266
0 30 0.07213508721518952
0 32 0.049115216415866546
0 62 0.08132855543868947
0 117 0.09791814043464354
0 138 0.08978208333896277
0 139 0.09772848146084626
0 142 0.08643550905992835
0 143 0.016310007402020602
0 149 0.08133899171951314
0 212 0.08237341716638641
1 4 0.0856873813326301
1 7 0.09595352615827783
1 123 0.01727603178209126
1 136 0.05644638493172598
1 153 0.05758637149085532
1 163 0.09672930316075017
1 174 0.09194315050174592
1 177 0.07037839381319252
1 183 0.07379076497565235
1 244 0.08173436640690897
2 59 0.09705477093890996
2 64 0.09570212002149214
2 121 0.08757792743990436
2 126 0.09636109117881139
2 140 0.09294980235316287
2 231 0.08745765622703137
3 17 0.10009746733712442
3 20 0.062332309761677786
3 40 0.09218310157960388
3 86 0.06722820597570896
3 99 0.08767380118873003
3 116 0.0535789023790103
3 226 0.029460991909703155
4 9 0.04743527114606863
4 163 0.07418731382339408
4 174 0.08837897379934484
5 10 0.10009550938159173
5 28 0.04432666852457081
5 46 0.03634992817168289
5 125 0.062057178139108875
5 191 0.08877063469905906
5 217 0.020606501916801426
5 220 0.07380189894204149
5 225 0.09966997956831011
6 15 0.06708030903858134
6 45 0.07618506364881497
6 59 0.0963493602630489
6 100 0.06279940244472147
6 144 0.06563762965772468
6 185 0.023762741841278474
6 213 0.04499411963629718
6 221 0.05257880816126914
6 235 0.0983680356257832
7 39 0.03911259059834837
7 123 0.09191538188028675
7 127 0.04164391117440693
7 153 0.050937091846695294
7 174 0.09911954302243035
7 175 0.10004754949601359
7 177 0.03872943493503024
7 183 0.030432699250713468
7 205 0.08490790666089924
7 246 0.07777158800800818
8 42 0.0783888933748487
8 57 0.08420963547820673
8 94 0.09902036366195321
8 145 0.0916993617174768
8 159 0.05766549724073428
9 50 0.09968942127476492
9 163 0.0401077267853803
9 174 0.05992587987126088
10 46 0.08399512455268192
10 118 0.04359444965177488
10 134 0.09158215060082593
10 216 0.08575302676544812
10 217 0.08324105461372078
10 220 0.03573603002038225
11 14 0.09069990852445031
11 53 0.017288569391496027
11 194 0.04848454141878947
12 68 0.08175713547063082
12 105 0.09344919677134003
12 121 0.08645856396036332
12 126 0.09132068513019333
12 133 0.04597602678864877
12 140 0.07329255090794527
12 171 0.004059321296195534
12 197 0.08646042717273165
12 215 0.015155957846120838
13 30 0.05733500758173837
13 32 0.030097366157271096
13 51 0.0930366577358242
13 62 0.03292899667917383
13 72 0.07842776623529095
13 143 0.04992003450331203
14 31 0.0636824653714659
14 162 0.07300989805213608
14 194 0.0640437073255514
14 208 0.04557433258968145
14 234 0.03113523159981906
15 185 0.045690739477029195
15 221 0.016952547421180554
15 235 0.05977977302787982
16 71 0.0576237587876247
16 131 0.043258441444229766
16 176 0.06794994472306068
16 231 0.05778639442077799
16 240 0.09987502815824853
17 22 0.027067963299920065
17 55 0.08521907323294559
17 77 0.0829194164554527
17 148 0.09768199636693617
17 168 0.05773755137538775
18 75 0.04094578182204298
18 80 0.00135939957882766
18 87 0.033405925670124514
18 139 0.09280874127438932
18 142 0.03507577920138333
18 212 0.08322101613464507
19 83 0.07391149941237782
19 89 0.06531851313916673
19 113 0.09598954520210855
19 122 0.009105924790680894
19 225 0.029210523661403913
19 242 0.012232651835701356
20 40 0.029975525415344966
20 77 0.07868475523762843
20 86 0.05459677407006761
20 116 0.01620053071043504
20 226 0.03351797896380057
21 37 0.0606201445248193
21 71 0.06881617231484695
21 91 0.036192176011968245
21 131 0.08966240047945123
21 173 0.024403961568882786
21 182 0.05393856851801688
21 199 0.029638436582250998
21 245 0.09141176250901552
22 55 0.09875469339806338
22 77 0.06946897390144176
22 145 0.09936237148857606
22 168 0.0458084185743488
22 201 0.09721880130489259
23 48 0.07256950657066508
23 90 0.09903050425778981
23 103 0.08014443928148281
23 129 0.09032970476292564
23 146 0.09754326144871904
23 187 0.06659168038425166
23 222 0.02861130147901528
23 232 0.08521242491036857
24 54 0.03629775392242248
24 61 0.04732409047514399
24 63 0.017731011046491857
24 65 0.0440809072291069
24 108 0.07710574867246787
24 137 0.06537896141911125
24 204 0.09450633430457249
24 206 0.05921424496166532
24 246 0.06100903013989444
25 41 0.019056084958975122
25 85 0.02548984349765201
25 101 0.09652866562210446
25 166 0.055649507490854414
25 214 0.08981276463165351
26 43 0.0928758847443699
26 112 0.0920518421069815
27 38 0.07899832410963885
27 44 0.0842629526878893
27 49 0.04999377536537428
27 69 0.07760419899246139
27 74 0.07087732076280483
27 141 0.024074461393314008
27 167 0.0840506997114692
27 181 0.09188385451734103
27 200 0.04059302715398211
27 227 0.0375147920681262
27 229 0.026418989293642562
28 46 0.08050618421938577
28 125 0.02062560523304004
28 130 0.08071013931796447
28 172 0.080638335846349
28 191 0.05783666244825497
28 217 0.05262199605513118
28 237 0.09850647747704776
29 66 0.08175770126644478
29 180 0.08827898889434005
29 192 0.07495822418534119
29 218 0.0960517649986518
29 241 0.0853823394307089
29 248 0.08980343007594208
30 32 0.033304669977783904
30 62 0.09024827088388124
30 72 0.08291348425328474
30 139 0.05315804904410162
30 143 0.0660413316421338
30 184 0.05964960830957675
31 162 0.03655778370944093
31 194 0.08947023894596097
31 208 0.02995968330741528
31 234 0.04626656520211187
32 62 0.06103710140544841
32 72 0.08880128419225243
32 139 0.08082072765899406
32 143 0.03776044015798212
32 184 0.09200806797051893
33 103 0.09666524781512144
33 146 0.08012424712249869
33 178 0.09522057828095554
33 211 0.02015528423614138
34 50 0.09708012957643933
34 157 0.04835851514236347
34 165 0.0792707745416366
34 202 0.04428824158204391
34 224 0.0954494477450074
35 73 0.04540786536775117
35 112 0.08635244332384079
35 118 0.09599990848584371
35 156 0.054282511670847695
35 188 0.04852804049031139
35 216 0.06943672599346024
36 98 0.042125075864590626
36 132 0.010127523482521064
36 172 0.09778781873508921
36 236 0.034472477631119776
37 82 0.04076165384068723
37 89 0.09481234419330127
37 91 0.0961027932940056
37 92 0.09000677313995292
37 113 0.08446572320315912
37 173 0.059016451701272434
37 182 0.03699635367166651
37 199 0.03145530196182447
37 219 0.09826122253154883
38 74 0.03863131276790983
38 110 0.07321668373770485
38 141 0.06649658091678866
38 167 0.09534851097362018
38 181 0.05350295173318675
38 200 0.0441545434219575
38 227 0.09988940771362421
38 229 0.06635545593983293
39 54 0.09797693278146258
39 127 0.03891228046220841
39 153 0.08394076412149697
39 175 0.0947422218984799
39 177 0.06986087106783052
39 183 0.06810688908701447
39 205 0.09841549984060312
39 246 0.0476373045604485
40 77 0.08068078668074984
40 86 0.0730839866161106
40 116 0.04306651537564043
40 151 0.09703263663235993
40 226 0.063017485260324
41 85 0.015245125478427012
41 94 0.09803470105353544
41 101 0.09799020065210579
41 115 0.09690865771081417
41 166 0.036598364206099084
42 57 0.010453407870002516
42 94 0.032220694446714944
42 115 0.07919617815708253
42 159 0.02125366342644965
42 166 0.09418157411542269
43 51 0.040148816549338356
43 72 0.040586355912567644
43 102 0.05259700238127346
43 112 0.08427127939300176
43 198 0.07060215473897015
44 49 0.08861073321153257
44 52 0.06922925967725933
44 154 0.07823770254309292
44 167 0.08747448786215364
44 210 0.06450591647652107
44 227 0.05103416161134665
45 59 0.046931468408268465
45 100 0.051531770501064646
45 106 0.05433621495465772
45 120 0.08886447918108158
45 144 0.04913606898896518
45 152 0.0827715838601311
45 185 0.09885967094874414
45 213 0.04571554997807482
45 249 0.050633650603094923
46 122 0.0995522125610491
46 125 0.09714791577904305
46 217 0.04035139282670351
46 220 0.050247761547466824
46 225 0.07332557639635823
47 103 0.06274179609055916
47 146 0.08975085790191992
47 178 0.05283464552877309
47 186 0.0457077473110511
47 214 0.0830150262147288
47 222 0.07319359631814822
48 103 0.09458702216503083
48 104 0.04635706853900339
48 129 0.05564611634286798
48 146 0.08905617510242728
48 195 0.08355900127968965
48 209 0.0907684494309188
48 222 0.09278302692971425
48 232 0.07781264757387785
49 68 0.09041314931250519
49 69 0.03222846298321465
49 141 0.05805031213986559
49 197 0.07782893693722294
49 200 0.08070751734278174
49 227 0.06703694034765548
49 229 0.05864524478096612
50 81 0.07622863197629216
50 109 0.09856036077286497
50 163 0.07873764443480745
50 174 0.08001478394233853
50 180 0.09455837599350868
50 203 0.07266595825941827
50 205 0.0779365768801495
50 224 0.06906308821992085
51 62 0.0954472926419604
51 72 0.039332542224523134
51 84 0.08264758808416292
51 102 0.023902479124974715
51 198 0.06341059337652886
52 154 0.06002003607443162
52 164 0.09734653976808769
52 210 0.07781318039868844
53 194 0.06542854389049693
54 61 0.03688863121662003
54 63 0.04637091756290273
54 65 0.08004372638148478
54 127 0.0806905725687802
54 137 0.09890178042188846
54 150 0.08092535106364716
54 204 0.05995705251615568
54 206 0.02998481405567487
54 246 0.05166002321187848
55 68 0.0897980664309742
55 148 0.020799080518604095
55 168 0.07672811211087988
56 83 0.05969818990995361
56 113 0.09108873793394895
56 160 0.0969144041970542
56 242 0.10002553119465978
57 94 0.03825991318147737
57 115 0.0748342811852806
57 159 0.0266672672738475
57 166 0.09752189436838571
58 92 0.07323586823757419
58 158 0.046036781354766305
58 192 0.08025371540799316
58 219 0.08919500054764459
59 100 0.03822744133419817
59 105 0.10055732092176571
59 106 0.09268535150767206
59 144 0.09442866665891798
59 213 0.08491973794658532
59 249 0.08871335682395975
60 67 0.04331037106367921
60 70 0.057482328155068235
60 97 0.06990887268462995
60 134 0.08375342362858995
60 179 0.0518580959174177
60 195 0.07109028767306481
60 209 0.06211245575293641
60 239 0.09456226653404907
61 63 0.042482819105454
61 65 0.07886535684579286
61 150 0.08767614375520126
61 204 0.06284512393419052
61 206 0.02676891940750609
61 246 0.08795477045410328
62 72 0.09433151001791652
62 114 0.07602386222616261
62 124 0.0865177812006462
62 143 0.06531855020282733
63 65 0.03711454892273755
63 108 0.07531302977443942
63 137 0.06900593779715182
63 204 0.09903343140358742
63 206 0.0617146551711588
63 246 0.07858477312881695
64 121 0.030010700656266823
64 126 0.014090826315784176
64 140 0.05841226748990168
65 108 0.03973689909087448
65 120 0.09300215377693337
65 137 0.0413424847947143
65 152 0.09761977018646417
65 206 0.09872767637556004
65 246 0.09656687755605603
66 78 0.05711228991500095
66 81 0.09239488476279939
66 109 0.09781242330781903
66 111 0.04934551918750112
66 147 0.04123116553130044
66 161 0.08515017442836059
66 180 0.08246943339068284
66 203 0.09689270752193634
66 218 0.06419463515610045
66 233 0.07549429542769492
66 248 0.09343028961468977
67 70 0.07476163213607498
67 97 0.026717719650612842
67 134 0.08855646082830328
67 179 0.008628287357685822
68 69 0.058779987142744336
68 133 0.038969265574849254
68 148 0.07459083799988396
68 171 0.07933810412950272
68 197 0.04739437636872351
68 215 0.09664142203324447
69 133 0.08380836855403577
69 141 0.07782273893356555
69 197 0.04969363529528079
69 200 0.09929273117923701
69 227 0.09914582797992974
69 229 0.07747606878156925
70 97 0.09601215997213364
70 134 0.03062349580599329
70 179 0.08143016184252634
70 191 0.09130344385181445
70 195 0.07958822005875692
70 209 0.07611306009776875
70 237 0.07224468200407673
71 91 0.0476638650325305
71 131 0.03982774531886996
71 173 0.068500545168737
71 199 0.09731415376069741
71 245 0.09756593614634683
72 102 0.06296582321811539
72 198 0.0980206788959057
73 97 0.09924546309982693
73 118 0.08542320064149189
73 156 0.09938065228841104
73 188 0.01320522577332515
73 216 0.09529945152082543
74 76 0.07010492832681368
74 141 0.07084439552233912
74 167 0.05718976605507714
74 181 0.022775343922803535
74 200 0.05552253951451995
74 227 0.07659507757686787
74 229 0.07203641758061523
75 80 0.04034080342857426
75 87 0.02504663526654076
75 139 0.08529663420896581
75 142 0.07505905959592934
76 167 0.02961051722352303
76 181 0.057551899829136374
76 227 0.09088660842861615
77 116 0.09191590451707311
77 226 0.08168475254531217
78 111 0.030436306115329305
78 147 0.055320321334128834
78 161 0.08726799479743845
78 218 0.061115867908089025
78 233 0.057289959477309284
79 88 0.009957764566697709
79 95 0.07857155841038715
79 98 0.07577796785134795
79 125 0.08972265913662257
79 130 0.0295266241545361
79 151 0.04420260901816354
79 172 0.035898796516063286
79 190 0.06419377231473512
80 87 0.03217945882722318
80 139 0.09145255712481333
80 142 0.035313300410745666
80 212 0.08364961987311613
81 109 0.04205282200367072
81 147 0.08055691829666009
81 161 0.08093365938489332
81 180 0.041555354343406896
81 203 0.00524121296795199
82 89 0.05413573265654452
82 92 0.08893433002895572
82 113 0.04820271699702975
82 173 0.09764653144163046
82 182 0.06704742716652176
82 199 0.0721104468104775
83 84 0.09207947461209927
83 107 0.0804119327310903
83 122 0.06669478959301967
83 160 0.08224430516099306
83 193 0.07887333672772871
83 225 0.08300330306007843
83 242 0.07579027615634615
84 102 0.06100611287722492
84 107 0.050564899968889146
84 160 0.02568239928457236
84 193 0.03468830856383468
84 198 0.06012506008937748
85 94 0.09457810446909586
85 101 0.08338531593083795
85 166 0.03871730586620122
86 99 0.09458222068807948
86 116 0.039638458608170724
86 226 0.05756931922435521
87 139 0.06560312208187165
87 142 0.06047458089817067
87 184 0.0863706670618167
88 95 0.08136455145631316
88 98 0.08163069215916505
88 125 0.08392731226456439
88 130 0.024793490264245432
88 151 0.05249122295272035
88 172 0.03541288872707815
88 190 0.06287533918405243
89 113 0.0367874578189859
89 122 0.07224718059254721
89 225 0.09339042095898306
89 242 0.053213550651860966
90 95 0.09673657296593852
90 119 0.06612693569205687
90 155 0.09993322277015647
90 169 0.04434131085142148
90 187 0.08438197486674111
90 190 0.07050409972997354
90 232 0.08885837427623443
90 238 0.08987567621565175
91 99 0.08493002971174461
91 131 0.0817207047273089
91 173 0.052752758348021976
91 182 0.08156087426623579
91 199 0.06466511650401324
91 245 0.06404140230563075
92 113 0.08126841321843617
92 158 0.03481225768425281
92 173 0.09913947686308089
92 219 0.028730780264269853
93 162 0.08374804491350363
93 228 0.07542818482514502
94 115 0.06684532619471902
94 159 0.049097535368600474
94 166 0.06308665875063722
95 151 0.05303802911080121
95 155 0.03188923425285478
95 169 0.08969767392920591
95 190 0.03379976711490542
96 145 0.04984697715342017
96 201 0.07744211129928494
96 207 0.05408660147071174
97 179 0.018095008095751392
97 188 0.09356168371692754
98 125 0.09703899373970089
98 130 0.07145241437092133
98 132 0.04675256265027268
98 151 0.09039961927215219
98 172 0.055711769463777525
98 236 0.07633800035460853
99 245 0.023421241579506785
100 105 0.07743160546043973
100 144 0.08415192096918077
100 185 0.07685245390406302
100 213 0.06736072394298546
101 169 0.0647111927049547
101 187 0.046894572514468914
102 107 0.08671599263409946
102 160 0.08189482236110195
102 193 0.0776020991620734
102 198 0.042953038213729866
103 104 0.0994471994850247
103 129 0.05681177879799178
103 146 0.02927078971829237
103 178 0.08127804994020223
103 186 0.09837894913571998
103 211 0.09595000073916973
103 222 0.06602796473883026
104 129 0.04311051854883711
104 146 0.08043979788099372
104 195 0.09538178484732694
104 209 0.0985778137675853
104 239 0.0741122993649833
105 128 0.06385515321166643
105 171 0.09400488362552688
105 215 0.07930007837604167
105 223 0.055731084431454116
105 235 0.09859935928242003
106 108 0.0988076002182229
106 120 0.05084984654140301
106 144 0.058656513547060404
106 152 0.04206579834197481
106 213 0.07387309681855472
106 249 0.003973369658027509
107 160 0.06733477444006321
107 193 0.016071880451454898
107 198 0.056022759084603885
108 120 0.071469500829915
108 137 0.02371194298343965
108 152 0.07278457034933748
109 111 0.09259967714891858
109 147 0.0683824703608806
109 161 0.04699440211163904
109 180 0.08031882321743083
109 203 0.04001058454040476
109 233 0.07932082178213476
110 200 0.09355155996574932
110 201 0.061659500756508764
110 207 0.08416162800231608
111 147 0.02759862799020623
111 161 0.05739754363026822
111 218 0.0825583979477444
111 233 0.0315474255490103
112 156 0.03340757971034901
112 198 0.09774718023491952
112 216 0.09132298108341193
113 242 0.08386938613072473
114 124 0.027605309141238057
114 135 0.08986574534835924
114 241 0.050337647058394955
114 248 0.09873451431788918
115 159 0.1002699295018078
115 166 0.06614142560315434
116 226 0.02860283349405601
117 135 0.06672293831998194
117 138 0.03708820552546344
117 149 0.02984447636160069
117 212 0.0852127259039258
117 218 0.09046484423646521
117 248 0.08239270578164022
118 134 0.09875025806970388
118 188 0.0723257666326269
118 216 0.07101510158176269
118 220 0.07892429030701223
119 191 0.08780622187281882
119 232 0.03672611114245357
119 237 0.07111749790633111
119 238 0.024594729919723467
120 137 0.09505021605682497
120 144 0.05831695308965365
120 152 0.009011341292749117
120 213 0.07986052031073898
120 249 0.0537684271075565
121 126 0.017916050161053434
121 140 0.028551274590634612
121 171 0.09047818386436109
121 215 0.08311442986235536
122 225 0.02624063035241888
122 242 0.019349180288390826
123 136 0.04572623665946136
123 153 0.04708002307918683
123 177 0.0610078115245629
123 183 0.07449764796071201
123 244 0.07320484246545243
124 160 0.08677756474596439
124 241 0.05018040820991435
125 130 0.06020183954198881
125 172 0.060178210706567134
125 191 0.0636920126279833
125 217 0.07277724478460078
126 140 0.04532778221758643
126 171 0.09516039242938955
126 215 0.09084477591833925
127 150 0.09727987289889274
127 153 0.059720819910490226
127 177 0.04624483241900052
127 183 0.06900933178030536
127 204 0.09626403431894956
127 206 0.09767329239244882
127 246 0.04558704129954818
128 223 0.009207159807989262
128 235 0.07081484532702051
128 247 0.08425384628778435
129 146 0.038195895118322366
129 222 0.09447331592339916
130 151 0.07307180874172142
130 172 0.01622910941158348
130 190 0.08638951038331592
130 191 0.10060756346304661
131 173 0.07789623528756566
131 176 0.08248563324516218
131 240 0.07165509528704203
132 236 0.03056937471347135
133 148 0.10016759738236009
133 171 0.04284110257304552
133 197 0.04508714876590308
133 215 0.059941452043138395
134 179 0.09307294057855467
134 191 0.083588325360014
134 217 0.09150666769045059
134 237 0.07919682703590868
135 149 0.051399988787879214
135 218 0.057874743016226464
135 248 0.023547709887336805
136 153 0.08045820770428304
136 170 0.09813510491482971
136 177 0.09427731305614627
136 244 0.028234395510856037
137 152 0.09596036808792624
137 246 0.09273591537197728
138 142 0.09718490902419913
138 149 0.05660826794356155
138 212 0.049914827992317286
139 143 0.100230531120411
139 184 0.025925070643979153
140 171 0.07729215958035032
140 215 0.06553829036489724
141 167 0.09906029232821421
141 181 0.09350897731147495
141 200 0.02265836590941821
141 227 0.06102230013522765
141 229 0.0024591571182314867
142 212 0.04888005420812869
143 149 0.08399525445690197
143 212 0.09823878909445481
144 152 0.05685876578868695
144 185 0.08836652142226077
144 213 0.021544343366617175
144 249 0.05754487745751085
145 168 0.09525675752086482
145 201 0.07296284659248091
145 207 0.09792088416300318
146 178 0.09619085124795951
146 211 0.08521432046273303
146 222 0.08997481911144177
147 161 0.04442769191377262
147 180 0.09042603387962525
147 203 0.08343948392917949
147 218 0.09465213890280845
147 233 0.03818556492028847
148 168 0.0967889098689228
149 212 0.09575841806015321
149 218 0.09377453642366929
149 248 0.07272440502383418
150 170 0.04293100034513394
150 196 0.06530471674707207
150 204 0.02486559163429266
150 206 0.06202551392339709
150 243 0.08888869353327791
151 155 0.08316832427314981
151 172 0.07480764322647995
151 190 0.060602480749815155
152 213 0.07819185989524502
152 249 0.04510832467430582
153 170 0.09953347754536565
153 177 0.014254655185563682
153 183 0.04773093003510773
154 210 0.03203835285098858
155 169 0.07832096471897446
155 190 0.05650813259995127
156 216 0.07928755337845737
157 158 0.08997088826570893
157 165 0.0879412401897841
157 192 0.0916441539346262
157 202 0.04257460755769067
158 219 0.04345947283538211
160 193 0.05170685058122172
160 198 0.08580660196517387
161 203 0.08109282322054959
161 233 0.03453127362898267
162 208 0.060429717621466254
162 234 0.04330445547482087
163 174 0.02033867327932146
163 183 0.0892992097212988
163 205 0.07975585136488503
163 224 0.09532997018444023
165 175 0.07053197225883001
165 189 0.04767428756328915
165 224 0.09123453146130348
165 240 0.09654096885597978
167 181 0.05489333269187308
167 200 0.09565759718509938
167 227 0.06131431090609966
168 201 0.060639225079131685
169 187 0.06875584662806179
169 190 0.07813999206307996
170 196 0.039173574828323204
170 204 0.06773807044464894
170 243 0.061614400219379854
171 197 0.08264990211223322
171 215 0.017318713403447292
172 190 0.09827275525130938
173 182 0.06691117994210789
173 199 0.035646816628892616
173 219 0.08940099752447248
174 183 0.07118708802214094
174 205 0.062387941958266926
174 224 0.0810038275281131
175 189 0.08168373922674864
175 205 0.04607594215472008
175 224 0.03680208034211505
176 189 0.07434712325758826
176 231 0.0849971422322045
176 240 0.08137480815018644
177 183 0.04302340383544936
177 246 0.09181859624643658
178 186 0.03484367111516728
178 211 0.0788233208997286
178 214 0.0934271135812714
180 202 0.09739233421622177
180 203 0.04610625591890115
181 200 0.07810763743144847
181 227 0.09152367278955383
181 229 0.09475175555503358
182 199 0.031810504243152966
182 236 0.08369129540337365
183 205 0.07360649029592856
183 224 0.09881996241329637
185 213 0.06834087050275162
185 221 0.02982540695892082
185 235 0.07574646212588042
186 214 0.058681482568181585
187 222 0.05772555167205253
188 216 0.08790929573666967
191 217 0.08315789193294103
191 237 0.04076058440548098
191 238 0.07849697223504004
192 202 0.06178380873922333
193 198 0.05437500875327371
194 208 0.059656238756623445
194 234 0.0880531213106804
195 209 0.009752051915624553
195 232 0.08540446726800818
195 237 0.08361265117666114
195 238 0.09066455589328135
195 239 0.07819996748123981
196 204 0.08765723947792145
196 243 0.024025287036903206
197 215 0.0978651897797472
200 227 0.07225673553621592
200 229 0.022271270577355954
201 207 0.08213853117009692
204 206 0.03761402118735574
204 246 0.09507301712200777
205 224 0.02560045133141507
206 246 0.07865529536603447
208 234 0.045014708699781684
209 232 0.09501554083850759
209 237 0.08865050636838218
209 238 0.09944106537677086
209 239 0.07335326113921213
213 221 0.09513332682764353
213 249 0.07188152620278837
217 220 0.06185950860099537
218 248 0.0398154961045123
219 240 0.07761294395441307
221 235 0.05755944110639264
223 235 0.06789384241328336
223 247 0.09247819988757285
225 242 0.04126041661106023
227 229 0.06345424652648964
228 243 0.1002327058058091
230 243 0.08468586377492653
232 237 0.07334347579920737
232 238 0.026339041277617485
237 238 0.05219960919513486
0.11588018318629989 0.8459285349736451
0.05676356291238782 0.29421569599565467
0.5243539666440958 0.3243838384634008
0.6669292260394608 0.47680022399584254
0.012013105555135906 0.3672891103538215
0.5562548653245684 0.7847128330991956
0.49686646352422437 0.13296036020762847
0.15267476168947647 0.29136593611996386
0.8448358307654631 0.5674068895730676
0.04571307739272712 0.4006719928963254
0.50719700644002 0.8719621166494005
0.41031374787387564 0.04102373340539789
0.6654373044815657 0.23648713675416166
0.1815104721843359 0.8483729995689259
0.32374618670317457 0.013958427951725638
0.5182974774765553 0.06939559401057105
0.430955969751738 0.380415697178768
0.7522882677727383 0.42451889882438876
0.03660250213726235 0.9236598805371424
0.4552260894109821 0.7106279016268378
0.6898758357839975 0.5347551197463974
0.4791361018507353 0.49455422093684653
0.7755838708682788 0.4383025671902796
0.8238867230270608 0.8509921605913829
0.24785232400273394 0.19061857158897733
0.9691528065002416 0.7322745960682447
0.2701368668650539 0.9993628405003796
0.8712511802416423 0.22248033441029869
0.5992241202569117 0.7738272153837666
0.1700448656568555 0.6246343879958225
0.16125027304125417 0.9020090641624497
0.27708909981454544 0.057300931788662246
0.15936737008386614 0.8687576624057995
0.9234187329172203 0.9956580177200601
0.22553897031069048 0.4786962096310674
0.43385341187648596 0.982182444826897
0.583048408646406 0.6282854624352339
0.4644231612600235 0.5533617995418543
0.9216544976373245 0.2833099391076963
0.19049375675582314 0.2813900474134047
0.7039311312792654 0.5612311616043998
0.9653978936918629 0.7135921175451699
0.9191785026373667 0.5922662086200543
0.2828544648471615 0.9073617933943006
0.8803956656491962 0.13871504576212113
0.471185052653343 0.20468642979780582
0.5201553954231162 0.7889725925901355
0.9233132956587808 0.867870989960043
0.7828240118804854 0.9108268247686199
0.8237592419205021 0.20686324858148541
0.13342035819071218 0.44805778833252075
0.2723171975058043 0.8686204270362435
0.9075095575193517 0.07501632314451345
0.42383284039796587 0.03024742750171916
0.2118791200989939 0.18577547952783713
0.764471010314597 0.340175130667868
0.352346051732618 0.6876119614784374
0.9270926430999602 0.5854368516345856
0.31289547857828315 0.5929885477264242
0.5118360808104597 0.2281397160648858
0.6394528487565659 0.9598726097290627
0.22272397853828774 0.15051700312190786
0.19194314797964418 0.8171403548194489
0.2570941686617274 0.1754865836154872
0.6198923551686575 0.3299795595731412
0.29187883779301516 0.188429401514427
0.08967784964820602 0.609618914169176
0.5992336352040796 0.9759413092064031
0.7456359173033233 0.25237460671727685
0.7937440327262643 0.21860041362618754
0.6225862466828446 0.904920487071119
0.46441371800126563 0.42733133059541906
0.24393473158501633 0.895850640147771
0.4768656578445334 0.996736514156126
0.9373676598175538 0.24801865320777639
0.04466329427018423 0.9638043780331651
0.9792515298119894 0.19180084099494743
0.7633861638425866 0.5066922906744009
0.03920495161996196 0.6363453098102945
0.677070301504971 0.6958226093182408
0.03790971902154516 0.9240329103380468
0.10385042909304454 0.5183174753951308
0.4540808954219365 0.5927895811325341
0.38611831518558004 0.7368390688461125
0.3206160036416976 0.8015544211765171
0.9502366528269768 0.7151891855743695
0.6352961554074102 0.5361212196137521
0.06182619113519183 0.9455624233852598
0.6780127299757386 0.7057356766408845
0.44486883624924 0.6461357667136944
0.7743451272171472 0.7652444430814732
0.4963471904555493 0.4627163184695273
0.37441645011122715 0.5532561622184532
0.17286675729024714 0.004458308649528897
0.9263060262659037 0.6236886776120545
0.7516839490899685 0.6711995838116406
0.9148984908144775 0.46624101131991846
0.5757897507524966 0.9887561765545098
0.6099013613729916 0.6607422174557419
0.5811751511495804 0.4585537433855511
0.5208643448770304 0.19099368372085435
0.874130773248253 0.749262723788568
0.2923850691429911 0.8556354728093991
0.8774108566484208 0.9106436338994756
0.7892876779257625 0.9567310601373197
0.5963165505966452 0.17359775959403323
0.4194124392470414 0.22117948156757883
0.36923185849518314 0.8154579374845808
0.3207553881835098 0.21572713011780287
0.061870503143414246 0.5158424691858519
0.9000495158233859 0.3532664079891834
0.040470011936670325 0.6059353056613122
0.3514799815784363 0.9562717819845556
0.41639450744189277 0.6228435007922616
0.20707748674941262 0.7426381439946389
0.9930855296989526 0.6207229474635403
0.6744354985233485 0.5298507155443395
0.06602569056955276 0.761652252473138
0.5027490365765115 0.915329058027995
0.7273573739079802 0.8117731725180083
0.3847731877079611 0.18395275533364097
0.6090245911901844 0.30200575289638987
0.45015258466191854 0.7181894765854536
0.06178323722455814 0.277684992927256
0.23467321537937869 0.7419109203945043
0.6121509804935875 0.7577551316467194
0.6203404976697799 0.31589586138835024
0.16534519212136867 0.251696356709886
0.6327886725090246 0.1211834016861667
0.8294833865502013 0.9411483191162783
0.6553779504842454 0.7158541704445449
0.42479734427475535 0.42323349824816103
0.5734381459695386 0.6314807062710976
0.7113389355875118 0.23387269588005732
0.5974681894306977 0.8874024479326321
0.1196316807576634 0.7219238204124047
0.03070304906465182 0.2441453056451437
0.3009493078565101 0.22876459237586244
0.04431101340895782 0.7917189746907352
0.1273783968523866 0.9429782499198106
0.6025859253814939 0.27418995049283124
0.8665494886502622 0.24609121723067862
0.040850115075865445 0.8888422403111305
0.13189694432357846 0.8428496221581646
0.4403861373751783 0.1664009221823023
0.8665351344946047 0.47831192250386045
0.8675660306258471 0.9382091654800155
0.057314077519598716 0.584072969976857
0.7484491164022199 0.32691237583035737
0.09534539153522437 0.7672243171337227
0.13547066068183855 0.15911727677012177
0.7002650730874266 0.6581945185448526
0.389445190731857 0.19165838052820583
0.10772663596384169 0.2674023529248071
0.8479597755690458 0.06751777661554581
0.7830944965267596 0.6656949702053513
0.3803346972430548 0.9731084017764658
0.2690342193769206 0.4998317080978839
0.33967953453913813 0.5555452628305667
0.9006726243133045 0.5818139037785464
0.31417522197290926 0.776692764664788
0.029227651656719922 0.5496495405859013
0.2525635886795493 0.030190585916404444
0.08348381286049278 0.38718120751834306
0.9929274889597128 0.028324505946318634
0.26821632661984984 0.4118942713740674
0.9591967449214149 0.6775229337938145
0.9496432136222692 0.19216187098554316
0.8064158394039497 0.40442335633025295
0.810211185770248 0.7391718963725701
0.093661559715149 0.16886765455721542
0.6684978648358662 0.23382047972645248
0.6426000217561566 0.7058487454304323
0.45473929874186536 0.4951452694310856
0.10002410055750477 0.3753456461179253
0.20846849215198704 0.3744115368537415
0.3643140335892424 0.3671474142310439
0.12197700163713909 0.26775202796913333
0.9586151172792564 0.9071810543001992
0.5917883392239538 0.980301918165611
0.1376286092043314 0.5425224753533124
0.9600584600878326 0.24605807321800321
0.5002628389256029 0.5441831455105487
0.12879524874453419 0.3102317264611266
0.14699348870849427 0.9599298710626916
0.5120152609914156 0.11465238830702551
0.9686337200948159 0.87380877516907
0.8544330244293584 0.791819739929065
0.48231566763266287 0.9847084061987711
0.2900038177931804 0.36948975601262
0.7408373898201396 0.703211712904032
0.6396188234268656 0.8152198171256807
0.2331299788949276 0.5841497753539867
0.3544765285433913 0.8090872562604406
0.3664518660901409 0.06168495512580907
0.7001322445752391 0.9228342522530637
0.0750182285292551 0.13441485834089484
0.7459530618177329 0.20498129146357047
0.3351256392698052 0.8599024573447619
0.47568282473336854 0.5239907934307831
0.8834330507203124 0.26120236799797114
0.8670479705006744 0.40535087822604887
0.2329123820437744 0.5223663497939282
0.10181180977197313 0.5134889823963597
0.16008283022430358 0.15557626593473006
0.16241095636594982 0.3757137821313339
0.1974951946178246 0.15946594206125353
0.9472849348036664 0.42292266988829474
0.30703393967289105 0.05635796321089659
0.6942358587939038 0.9306018227408484
0.8324558820296603 0.09555499007415913
0.9396318939735833 0.9836843427954564
0.033686498279079324 0.8404899674195858
0.46099492152789934 0.16012105380428232
0.9907461201510582 0.8194529276441487
0.6514891971364428 0.2305581098759698
0.43177981748574323 0.9127766876954201
0.5570542543473456 0.805303823809635
0.08751650642133746 0.6737771543124383
0.3704024141166381 0.5248071683939275
0.50358412005529 0.8364091857774077
0.5208269467019941 0.08615836972060587
0.8524596887925154 0.8495115527130915
0.624744287810386 0.12566220359629432
0.1784342138534003 0.3956797113073831
0.4691200109553826 0.7363225243462217
0.6818240085103822 0.5022186326684469
0.888404560364336 0.1891168637532894
0.10276201229913962 0.032292384810738595
0.8653315452268482 0.24822758507108234
2.5363414501589077E-4 0.05630057209086814
0.43690828426231587 0.3229366807282329
0.7387836497896111 0.8466765743454049
0.01915397310502598 0.58267876792892
0.2926118981664526 0.013716097420188422
0.5776184700051922 0.07678755644839741
0.5569976891906704 0.605708666164137
0.6654402196088307 0.84675837670424
0.7159434484005849 0.8335590175632612
0.7266794920382366 0.996390207594595
0.35765063908845107 0.4482489467394156
0.21988844970083743 0.6939579843848681
0.4517320523208721 0.6989048697772511
0.05535743988710162 0.12060660692465253
0.006325972419415349 0.22989963177214934
0.5592020722668702 0.450445823705398
0.20860998688590293 0.23733196084965436
0.6784336796946052 0.0503650147141812
0.11881290142658352 0.6983903497515528
0.4233809562416778 0.22137579586307377
