500
2049
0 18 0.053283609907990255
0 21 0.04910971170890696
0 60 0.01575505704919031
0 69 0.07272598594975768
0 73 0.07213881299849897
0 74 0.0405929694376017
0 149 0.06614603705570858
0 227 0.037659699513833036
0 253 0.05855515172361578
0 255 0.04055383840262844
0 260 0.05898039938040395
0 345 0.06649345674340755
0 416 0.05533189906203726
0 430 0.04463059068730194
1 33 0.024318453837866103
1 90 0.05256515151497114
1 204 0.0695853491720068
1 225 0.07446733128157791
1 410 0.05653158157069043
1 426 0.00894017529377577
1 457 0.04864305445907723
2 239 0.05893003892837811
2 264 0.01052645915141837
2 446 0.04947597663654818
3 18 0.05125458130987848
3 128 0.050711524976446355
3 190 0.07415955186680817
3 227 0.0743402403528127
3 253 0.07318442779759698
3 282 0.06363742081670308
3 302 0.07547713169193122
3 345 0.04483686892049107
3 396 0.06492575886528705
3 416 0.07507935032077158
3 430 0.055044143392015576
4 76 0.06843298919714905
4 112 0.046590278605882246
4 121 0.02071539780878659
4 207 0.04146435334653661
4 217 0.0559641510637721
4 397 0.06625724603868698
4 425 0.05363360464698023
5 59 0.07519250514467635
5 98 0.06745690012639362
5 188 0.03830740457991922
5 321 0.052346605978026664
5 472 0.0410331936235028
6 45 0.0068661264422643295
6 104 0.07374802378805477
6 108 0.06941767277117694
6 224 0.060268532128531976
6 279 0.04442109045316484
6 332 0.02867756877930674
6 369 0.05045285903647214
6 382 0.04983220717376167
6 399 0.06288695435339531
6 460 0.04693079126556928
7 31 0.04870333320948578
7 58 0.05283940074201491
7 127 0.03059016879630524
7 283 0.07458753867305298
7 336 0.04891594953771907
7 337 0.0349485714995147
7 405 0.06166636701990995
7 419 0.043176821764067334
7 450 0.023722049434160175
7 459 0.0404828625566777
8 74 0.0642546792553891
8 80 0.039632917380604385
8 138 0.07106967020218702
8 146 0.0542467863568737
8 170 0.07341151431448568
8 235 0.03154022395733
8 246 0.033930097121283725
8 260 0.04379394115144665
8 285 0.05034024659287537
8 318 0.05464717855651648
8 357 0.03388705300333685
8 393 0.035131500942150944
8 445 0.05442805390784431
9 42 0.044071821833583345
9 44 0.06597401456536196
9 66 0.011654927946206976
9 73 0.06892926622952864
9 79 0.06762345478515329
9 167 0.06464054567392885
9 180 0.06112817074593723
9 259 0.05090822461955293
9 328 0.043224322499366065
9 380 0.06508126157569638
9 485 0.06784184094823853
10 50 0.024766481090076668
10 130 0.0720720238253866
10 151 0.04518512095446637
10 162 0.06390448756515017
10 186 0.0074020474310196715
10 210 0.07182377437242485
10 294 0.07263231197712747
10 333 0.03822948495423341
10 377 0.04160491410606428
10 379 0.07140779941479675
10 439 0.06788670346931669
10 447 0.06797993472360207
11 30 0.023512002076813133
11 113 0.04540764265348505
11 183 0.02380110218235438
11 187 0.05609757474832866
11 489 0.0725018775679161
12 106 0.03407089389859727
12 150 0.0447442587925161
12 181 0.03941983928995033
12 288 0.04465626175732311
12 355 0.07034658370355615
12 448 0.01717742858736965
12 495 0.018206155209515133
13 83 0.024730097878375934
13 122 0.0715439638330008
13 161 0.07384590922006667
13 321 0.06510553710406244
13 325 0.05947900154567177
13 473 0.03945114189812979
14 91 0.06216616719373329
14 143 0.032602781997662214
14 163 0.0652949350464885
14 245 0.06821301861589428
14 251 0.055125035512299164
14 273 0.02539750587211642
14 366 0.028548614224862236
15 36 0.06969982720528856
15 84 0.06351849011560833
15 243 0.06391162918115939
15 265 0.015765861265332068
15 281 0.050390167115167
15 291 0.0750469354039405
15 296 0.06944870685223029
15 394 0.04796032077984765
15 401 0.05370640408312461
16 64 0.05587646586900228
16 111 0.0548870383931454
16 114 0.05005746245613729
16 154 0.06553494159758835
16 496 0.04620065757175384
17 126 0.05477950879126801
17 184 0.07249783697945066
17 231 0.07066150433618786
17 329 0.046721721122536315
17 388 0.031447306376611785
17 422 0.06232931930052643
17 424 0.04031836920731661
17 449 0.06495248429723696
18 60 0.0635661315878078
18 69 0.04048484117278772
18 227 0.024226160680366256
18 253 0.07448644855858008
18 255 0.03231385455895854
18 345 0.013267666932330715
18 416 0.0737494183029061
18 430 0.008765415145639496
18 445 0.07114690762325021
19 40 0.04160904456468072
19 172 0.059734648938487026
19 173 0.07079242702988281
19 189 0.06991251739145464
19 229 0.01666338285385649
19 301 0.06853112989481314
19 341 0.03593544595292781
19 392 0.053414085775238374
19 476 0.06911945036869059
20 70 0.0518706293504951
20 71 0.060696289362052146
20 132 0.07296842756157895
20 242 0.03649005972767784
20 277 0.03973015832227909
20 320 0.06028881667414274
20 484 0.04018505481184018
21 60 0.03382376577866418
21 73 0.0703003839238645
21 149 0.030837339423264117
21 190 0.0648180940223551
21 253 0.02900880691466092
21 416 0.025553108361200196
22 109 0.05163254188101823
22 169 0.047446218562669056
22 223 0.04509194662505525
22 344 0.04550527972078104
22 352 0.014602908892905867
22 432 0.06381706182070429
22 433 0.0659009819773126
22 486 0.006254503111403087
23 43 0.05540369597253919
23 86 0.06020723548903667
23 94 0.060685863695949895
23 119 0.04174332857909003
23 171 0.06613904057988557
23 214 0.06128539210452713
23 230 0.06432019999420027
23 330 0.06453577968642897
23 338 0.04266092542861274
23 365 0.06188931873216409
23 374 0.05730926715107108
23 403 0.06907460394639398
23 440 0.06583967884807966
24 92 0.06372528663956757
24 162 0.0688068978365325
24 210 0.056259583488665374
24 474 0.06125706391502471
25 34 0.037367799311866914
25 53 0.04041603936774198
25 101 0.0531666960257414
25 114 0.0640913758042521
25 154 0.060953515655850485
25 387 0.058202491751235916
25 421 0.04425942101270484
26 160 0.03126856688888221
26 175 0.005874688585681214
26 244 0.024432112670300918
26 252 0.03388085310809904
26 312 0.024013202068998506
26 386 0.06254570806354404
26 488 0.04412213487824686
26 491 0.04745053243156911
27 195 0.05131173560322586
27 487 0.026637947816412703
28 41 0.005927120026811326
28 82 0.06885736009366432
28 85 0.06714135186117745
28 238 0.04620333516237649
28 241 0.06130443168618303
28 336 0.053315533012756995
28 367 0.024142258066943912
28 376 0.027761556232303246
28 481 0.024120428074567463
29 76 0.036685606967086774
29 112 0.07176831376843158
29 134 0.06290666536536636
29 217 0.03716116427364741
29 266 0.032089576746266946
29 373 0.03256649055992658
30 113 0.06771954328169459
30 183 0.03798021436404009
30 187 0.05677304859503266
30 371 0.07492114795698143
30 489 0.059481072068623235
31 127 0.06345371020836894
31 241 0.059999379114020854
31 336 0.04781706143795224
31 337 0.017837873548535957
31 367 0.0690380822351307
31 450 0.025023735141393492
31 459 0.07123740107720476
31 481 0.06778671706001944
32 43 0.07408751851879589
32 80 0.06994366103825385
32 123 0.03884552914078534
32 138 0.07546731046367242
32 146 0.04574180674542593
32 172 0.05435955422901011
32 173 0.053226861746562694
32 318 0.04613064529926817
32 319 0.07023404264564799
32 338 0.06595663674480659
32 365 0.07464361726102342
32 374 0.06342708910938592
32 384 0.052544254738996626
32 398 0.02637075638012662
33 126 0.05532103704370704
33 204 0.05622107910427482
33 426 0.01667448070345897
33 449 0.07231344428104033
33 457 0.062221578881162226
34 53 0.06916348050671271
34 103 0.06651436275757823
34 111 0.07182312928106907
34 114 0.04925454451477616
34 117 0.063130535798663
34 154 0.06666138277998643
34 192 0.07405393494766592
34 387 0.05577059312216896
34 438 0.06632640129301005
35 87 0.06714759998729312
35 118 0.039054206938248105
35 139 0.03746324038891433
35 313 0.06633328369606545
35 458 0.03620636078295934
35 466 0.03284895128452726
35 499 0.05956721207958144
36 153 0.0688883320032832
36 158 0.054060308046996124
36 296 0.05804856419698611
36 343 0.04630361507085374
36 401 0.01853642682919502
36 431 0.07233770379511825
37 98 0.06133962658568193
37 317 0.01533501640049076
37 413 0.062033332859635124
38 51 0.06847199726508842
38 55 0.016648422469093826
38 61 0.03264729933357131
38 63 0.039569214368703545
38 142 0.06814505934041856
38 233 0.07006559699220745
38 236 0.05473790856489794
38 262 0.05072305770429126
38 372 0.06881426081256364
38 375 0.0517684636175225
38 427 0.06214259093699538
38 454 0.02267799260796818
39 52 0.04734322146809477
39 251 0.06720355254082276
39 303 0.07163992471828577
39 308 0.061275536221428055
39 356 0.07315598047732638
39 389 0.0588191930352346
40 123 0.07453644034704794
40 172 0.03955633900762422
40 189 0.05400445474109218
40 229 0.027497787069365953
40 301 0.02692291960546078
40 341 0.005837485019687703
40 398 0.07058872659703497
41 82 0.06729848835165832
41 85 0.06761845740214321
41 238 0.05179272357952958
41 241 0.056218650176122126
41 336 0.0487154299948248
41 367 0.018395748717596215
41 376 0.03205580252135703
41 459 0.0750881782342726
41 481 0.018235841182009892
42 65 0.06689602228929957
42 66 0.05296399424459661
42 73 0.07343793705068812
42 79 0.02355779430496582
42 167 0.023764538789324347
42 180 0.04134805028764225
42 259 0.042586584167987024
42 328 0.03543887672233579
42 470 0.048352684382743163
42 485 0.048424742453768134
42 498 0.07488318890211126
43 86 0.033486554136331545
43 138 0.031853426964229964
43 214 0.00997663638559518
43 235 0.07502238592579846
43 338 0.02783635995303843
43 357 0.06748806047982171
43 374 0.011257398016212124
43 470 0.07535724383848276
43 475 0.03205734091143292
44 66 0.06158991711679828
44 89 0.07247962525757143
44 145 0.030767504751047378
44 149 0.06339868454590127
44 272 0.04650988538479165
44 334 0.02957450205742568
44 356 0.06752097390996449
44 380 0.06642750504858111
44 437 0.059314675307110654
45 104 0.06770004983714133
45 108 0.06540068545379774
45 224 0.055759051308552535
45 279 0.04316572045824061
45 332 0.029286273504984424
45 369 0.0540614454502079
45 382 0.044350176828754306
45 399 0.06443909277043436
45 460 0.046439378354119924
46 105 0.06497124852074257
46 124 0.002853990577514398
46 157 0.05830025568052108
46 280 0.02375013458324224
46 284 0.0608846581257732
46 309 0.057438884175786
46 391 0.05382304939116379
46 479 0.0482623872238688
46 483 0.03506878944720092
47 68 0.0741267469685783
47 178 0.05474076368545904
47 200 0.07036512540008764
47 288 0.07212905026991237
47 310 0.04156145242450588
47 314 0.0731213508696389
47 346 0.035955322062964125
47 420 0.05446946990860866
48 92 0.030806984107818992
48 324 0.07434671148777137
48 474 0.05860417551603706
49 103 0.02015432607296967
49 111 0.07033414636566562
49 117 0.050689590257427405
49 156 0.024976169236068796
49 192 0.03555075707287907
49 400 0.05174328757805566
49 438 0.03412385391620038
49 443 0.05079222211712652
50 130 0.054574393481172156
50 151 0.06566513815614275
50 186 0.019858359334458543
50 294 0.04876392045512439
50 333 0.05995329084339982
50 377 0.027999306323912506
50 379 0.07081048617054952
50 447 0.04589133558101414
51 61 0.07030632145508678
51 129 0.05871802278956282
51 136 0.05772794874794014
51 137 0.011571525379644369
51 179 0.03619726502462124
51 236 0.06843737392190481
51 247 0.059000013634176285
51 454 0.07129596902417627
51 477 0.06683837973752867
52 81 0.07075850611145394
52 269 0.06891534768884017
52 308 0.07500442034459319
52 356 0.040175766792097084
52 359 0.03266637469229676
52 437 0.055094437540575344
53 101 0.07487487490543611
53 114 0.06665115443727182
53 154 0.04242842104725918
53 421 0.05179972837870482
54 92 0.06187037587657825
54 162 0.06737688012193106
54 287 0.04472264731361677
54 436 0.04645069154021423
54 452 0.06619678945439009
54 474 0.03289080832640805
55 61 0.04859889982357839
55 63 0.04989642340276585
55 142 0.07310374845426727
55 233 0.060093728150229446
55 236 0.07128388852740411
55 262 0.06155921168631212
55 372 0.06048179533676533
55 375 0.041092702986004995
55 427 0.0456359288908118
55 454 0.01259604742564088
56 190 0.03162909516785737
56 215 0.07033740071297763
56 253 0.07115016806519137
56 269 0.07535090866185601
56 282 0.04676849789027457
56 416 0.07492086441095186
57 77 0.0685683499106686
57 271 0.01728331796535278
57 406 0.06664288358891997
57 422 0.06960838141656597
57 449 0.06535186792984503
57 478 0.017165470067612373
58 85 0.030674179555904773
58 283 0.06080929865319425
58 336 0.048607919078758055
58 337 0.06810831951094366
58 354 0.04202519747604576
58 419 0.07518676507098797
58 450 0.06732553545870985
58 459 0.01471855150079577
59 188 0.04266200017238234
59 239 0.05277098827687112
59 413 0.06586768397283183
59 472 0.042472784692510805
60 73 0.06472474217241288
60 74 0.04937519462028625
60 149 0.05104377737558655
60 227 0.05174666110972529
60 253 0.04784391690906975
60 255 0.055741899089933634
60 260 0.07315384856649317
60 416 0.044232892604573845
60 430 0.054818326268260734
61 63 0.025652433529026315
61 129 0.06376352909967922
61 142 0.0583742767723638
61 236 0.024117240223497354
61 262 0.03085914736834043
61 454 0.05499889029123587
62 88 0.07138747076892064
62 95 0.07272160766544708
62 159 0.02502578589358984
62 166 0.06280655639607233
62 198 0.06396560424291163
62 263 0.07185830816400428
62 275 0.05178471629694551
62 339 0.03213326783124089
62 412 0.06014962469046678
62 435 0.06780463516343593
63 125 0.07185695312472383
63 142 0.03316204329165544
63 233 0.06891308708388319
63 236 0.0444472522096495
63 262 0.011672376329635067
63 372 0.06367687581984409
63 454 0.06059245992736549
64 111 0.04204859983254374
64 362 0.052612721440332126
64 379 0.03425137436737228
64 439 0.05859889415965807
64 443 0.04904450843994271
64 452 0.07379525040518288
64 496 0.0264661026602987
65 79 0.05869809217892251
65 133 0.036720262366445204
65 167 0.046299204991936654
65 171 0.0742705602328083
65 259 0.04874292956363485
65 286 0.07121930999541112
65 300 0.0625880483803638
65 305 0.060886649811304094
65 498 0.03914931045433173
66 145 0.07088555299417182
66 167 0.07154108418598767
66 180 0.0727744958973415
66 259 0.05069364258790397
66 272 0.07245273239796057
66 328 0.054867179732096566
66 334 0.06719075014972198
66 380 0.05343701204321892
67 120 0.0634485341679353
67 182 0.06207853913061911
67 202 0.07110761872804278
67 315 0.029532603497892856
67 349 0.07283595266957785
68 147 0.06431764361493213
68 178 0.06592855971499878
68 346 0.048388876708442226
68 381 0.053005522914325476
68 383 0.06823020616434879
68 420 0.030390040488481138
69 227 0.036076463817282606
69 246 0.060963480498082756
69 255 0.03240780490047359
69 260 0.05835911500015956
69 345 0.04152290800337924
69 430 0.04415483597142284
69 445 0.03984109619197093
69 489 0.06026396731787592
70 132 0.06124555440667724
70 242 0.055646537067327535
70 277 0.07137006488100525
70 462 0.06769261837791736
70 484 0.0672707266922839
71 249 0.04148831790306916
71 277 0.06243476498699
71 360 0.041864914631352466
71 484 0.07387746724563038
71 492 0.06181991112472559
72 91 0.058105496072730606
72 193 0.04345521130357756
72 267 0.046845490069148024
72 268 0.05872655149746421
73 74 0.061801815323857305
73 149 0.0496110390372773
73 180 0.039906625213297846
73 328 0.0380280703793719
73 470 0.06296584944737801
73 485 0.038007210990971284
74 227 0.05840692615390881
74 235 0.06036162685469773
74 246 0.06166855747390102
74 255 0.05381042810734039
74 260 0.035307273931737077
74 357 0.0747411399036609
74 430 0.07455761920060464
74 445 0.06292117265876662
75 93 0.05857621810129479
75 106 0.04782188677577394
75 150 0.05008863901910367
75 200 0.042710987074071914
75 206 0.033192844002118936
75 288 0.03615354429175097
75 310 0.04619633912124845
75 314 0.03742526628057773
76 112 0.04161213016690313
76 157 0.06922359544870506
76 217 0.012646038229969021
76 258 0.07111148093006298
76 266 0.06874661414707849
76 373 0.06822588065498289
76 391 0.06736872078626746
76 479 0.07175946409531027
77 406 0.001947565410361602
77 457 0.06879409548057024
77 478 0.06053633503255587
78 101 0.06565722336027975
78 148 0.0734781416971376
78 176 0.03938111733188764
78 327 0.06490245729664199
78 387 0.047379045203757526
78 441 0.04744189647709396
78 467 0.06523966415123167
78 480 0.07246137447249304
79 86 0.06522765491732262
79 167 0.014407865763367361
79 180 0.047692396099294834
79 259 0.0541908927537195
79 328 0.050638625935576255
79 470 0.04072146116190244
79 485 0.05287670949418801
80 123 0.07303615875790333
80 146 0.024663523952047104
80 170 0.05508692795084226
80 235 0.058412650693007266
80 246 0.0608634524108672
80 285 0.029449111587254932
80 318 0.023996224557649493
80 319 0.07008850616799932
80 353 0.06749914549291004
80 357 0.049522506613328854
80 378 0.05429553502441356
80 393 0.008069017200347446
81 140 0.058920270113713605
81 191 0.058259558865121866
81 215 0.04882130784464913
81 219 0.043374047479130554
81 269 0.0542708331595735
81 359 0.06885881496873085
81 480 0.06305415044854748
82 241 0.04812552952882452
82 367 0.06052022807133316
82 376 0.06000494165023156
82 481 0.06318837966605947
83 161 0.0605826422287594
83 321 0.07356311924463066
83 325 0.07198801451617573
83 425 0.07251250035955083
83 473 0.017373460180632346
84 95 0.07520742413054328
84 158 0.06311385469650152
84 194 0.036877074365655516
84 263 0.06980492414869366
84 281 0.013128525178353072
84 296 0.04869406665583025
84 331 0.07514270850753826
84 394 0.053849893847890934
85 213 0.06227607635582395
85 336 0.05701052276792261
85 354 0.03118578152984277
85 459 0.03979663955897251
85 481 0.07446009424204886
86 138 0.04511537349863516
86 180 0.07332075084025103
86 214 0.026745894875492338
86 338 0.055674365240687904
86 374 0.04471529502410907
86 470 0.04693010592377237
86 475 0.03605236938444506
86 485 0.07114413895088131
87 254 0.05289013103211734
87 313 0.04134876840412613
87 444 0.05603507342461403
87 458 0.03134142128158405
87 466 0.059131435814177784
88 95 0.06956848992703225
88 166 0.011013376956998892
88 198 0.037257530098797016
88 263 0.05608455857466092
88 275 0.02532393212481586
88 291 0.0627515226183621
88 331 0.0440266733302303
88 412 0.02427577701996656
88 414 0.01928729061717403
88 435 0.06165071745451731
88 493 0.06027110886856751
89 96 0.029103549219622625
89 145 0.042398746078511296
89 272 0.026062557411778577
89 334 0.04295294757073259
89 356 0.06451283703616437
89 380 0.04321103131601988
89 428 0.046133360998424564
89 434 0.05269156630028942
90 410 0.021184189859944306
90 426 0.06111567931837928
90 457 0.06111348968990156
91 143 0.030318824009393112
91 168 0.04897598072112144
91 220 0.06733090547052496
91 267 0.06838453543010184
91 273 0.06252023131006877
92 474 0.03378598128388948
93 200 0.06846814020814482
93 206 0.03596744100210379
93 243 0.03551556103318269
93 265 0.06806570934459441
93 291 0.06715554024551418
93 314 0.06375820057386133
94 119 0.034873994846151425
94 173 0.03144683994286792
94 257 0.06405693659340626
94 338 0.0518378960000151
94 365 0.004526925408872014
94 374 0.07208495449397302
94 384 0.028641402232237507
94 392 0.061930037476258415
94 398 0.06710744102143655
94 403 0.03858034030111085
94 440 0.009315832470767255
95 159 0.06695039651061334
95 166 0.05987883110857499
95 194 0.048950714685538105
95 198 0.03232760293871908
95 263 0.014665570820564973
95 275 0.04922661970772781
95 412 0.04572192291742216
95 435 0.008064797157722322
96 99 0.05710785586507137
96 145 0.06818941089784011
96 272 0.05075362114269261
96 303 0.0732128262696165
96 334 0.06774757758016398
96 380 0.044610628267386564
96 428 0.02432291255259346
96 434 0.025612094895299916
97 177 0.059261760971513075
97 209 0.05036730406126615
97 212 0.04022208702325316
97 232 0.014530546688714582
97 290 0.038220522983536336
97 307 0.05910007615651388
97 415 0.04859407691583632
97 463 0.040537182560642364
97 490 0.0402534670783374
98 164 0.05537657894383346
98 317 0.05870983084023383
98 407 0.03058445729970934
98 465 0.07215358739926868
99 211 0.05328874451515258
99 276 0.07235834881251671
99 286 0.0723678837988629
99 293 0.07042855822625435
99 304 0.05230208025634673
99 306 0.06879286794756583
99 316 0.07515744207106147
99 380 0.07408722019902365
99 428 0.05810111821259743
99 434 0.04538996988088919
99 461 0.07131768004426031
100 109 0.06960250457324248
100 113 0.051927413428119
100 169 0.044643339250359126
100 170 0.060006305880823195
100 187 0.0590051520186124
100 223 0.07343573230904384
100 240 0.019566385464190875
100 344 0.03788933529790803
100 352 0.06283960560007511
100 353 0.06068879308614338
100 378 0.04765219325163792
100 432 0.025119243347945703
100 486 0.07520298266410624
101 176 0.034741891960988626
101 191 0.04040599574517907
101 387 0.05724445194435838
101 421 0.0267885149302978
101 441 0.07339413027183825
101 480 0.0734336809598112
102 115 0.02442908756412504
102 132 0.045972932167742786
102 324 0.02831353789160196
102 462 0.031786172877373814
103 111 0.05707127084028647
103 117 0.04339684585163404
103 156 0.03460103116330951
103 192 0.034213243847878105
103 400 0.052424201434596265
103 438 0.028204026938510495
103 443 0.04151482879466951
104 108 0.031146862932400075
104 171 0.06926504970291888
104 224 0.0262682755605531
104 230 0.024622339679023376
104 257 0.07342055940238132
104 279 0.055111337496188975
104 330 0.024393295883056002
104 332 0.06504175232681769
104 382 0.06647867991933194
105 124 0.06771827958866457
105 258 0.03584448909705351
105 280 0.07461404199129848
105 294 0.037104976941731954
105 391 0.07238160720417504
105 447 0.04565669156580266
105 479 0.06748422434577524
106 150 0.01820308912852947
106 181 0.05163279822759425
106 288 0.01505945306923437
106 310 0.06519833746679779
106 448 0.05080621934368324
106 495 0.04643272795965031
107 139 0.07128150590856923
107 174 0.052849425629567265
107 208 0.04885983557940117
107 228 0.06339919944302157
107 278 0.04122749715437813
107 402 0.059710725721177006
107 466 0.06330629804952885
107 499 0.029435936582872062
108 216 0.07186274946204654
108 224 0.011008406496550284
108 230 0.04707735069597698
108 257 0.053354177924420224
108 279 0.03352880108803903
108 330 0.04688273587169838
108 332 0.04936704579899221
108 403 0.0724156073796843
108 453 0.05259352805434082
109 123 0.06555829433135586
109 169 0.07282355425631576
109 301 0.06962091182413754
109 319 0.03772798851883182
109 344 0.06454033659598928
109 352 0.050729654679295445
109 353 0.03816132897145225
109 378 0.0709607780678923
109 432 0.045036979927819555
109 486 0.045520903831152315
110 177 0.0492944008655422
110 212 0.07158244863230515
110 238 0.07502553323971412
110 323 0.07018374049111314
110 363 0.054453511894916456
110 417 0.03277080850658122
110 463 0.05578087277792971
110 490 0.07313816234167472
110 497 0.03748507142471761
111 114 0.05229426964033298
111 156 0.060573749385101225
111 362 0.0717266655609801
111 443 0.02195202754989439
111 496 0.06030128716209278
112 121 0.06674132891999686
112 157 0.04023343345878654
112 207 0.05289992148011838
112 217 0.03495800677641332
112 391 0.045204509136046706
112 397 0.04357680614063119
112 479 0.05129484484431841
113 169 0.06179948994922422
113 183 0.053361269864521894
113 187 0.06428701865763005
113 240 0.056063525928649154
113 297 0.06245764661595509
113 344 0.06348778762239801
113 404 0.04044441754556475
114 154 0.03413413085533924
114 443 0.07064661291787026
115 132 0.032042833647609556
115 320 0.06953962580954058
115 324 0.050584642934036694
115 462 0.029863870021975863
115 484 0.06925615117490598
116 153 0.06148636348714517
116 274 0.06548869555008653
116 323 0.04448845337499217
116 343 0.053990947415349495
116 363 0.06158443174074336
116 385 0.026891334585038285
116 411 0.05681081624997293
116 464 0.07542951282651199
117 118 0.06877252240217473
117 148 0.04979206215965235
117 156 0.07435187989286485
117 192 0.017517758733530155
117 387 0.056972656170342285
117 400 0.020507188933920527
117 438 0.01662823127286637
117 467 0.033711383304013784
118 139 0.04706418612407137
118 148 0.05088844287473068
118 192 0.060488020752642646
118 400 0.04827469094335115
118 438 0.06903733088673257
118 458 0.06645794829627763
118 466 0.0719031164371629
118 467 0.06479966315921117
119 173 0.06599916242317885
119 230 0.062273498796999914
119 257 0.04684264618093985
119 330 0.06239283422240655
119 338 0.06014326761128284
119 365 0.03867541575156015
119 384 0.062441774264078424
119 403 0.027331276447070462
119 440 0.03421003665510796
119 453 0.07047554441643594
120 182 0.062481858415913215
120 202 0.032318766829556304
120 247 0.07108003613640602
120 295 0.01402945844074421
120 315 0.07426653395647645
120 349 0.00957329116030921
120 477 0.07013360465934179
121 207 0.05542159702890128
121 217 0.07002960400926353
121 425 0.035053454302422224
122 181 0.05783263607556467
122 289 0.03363095314456467
122 325 0.022871898971114153
122 355 0.033862081481185566
122 425 0.07406460519515533
122 473 0.07315249008247918
123 146 0.05655460625213683
123 172 0.04000978685869159
123 301 0.06781654982126845
123 318 0.05583367493659515
123 319 0.03567411652649403
123 353 0.050886834032054774
123 398 0.0401996950718588
124 157 0.05781330070563888
124 280 0.023989969062815922
124 284 0.05820598145387593
124 309 0.05595759408881138
124 391 0.053874382212277826
124 479 0.0484702631357063
124 483 0.0329133168373836
125 142 0.050263526543142
125 233 0.031189327601965047
125 262 0.07456448524899116
125 276 0.03405972494884616
125 293 0.031068159462504748
125 304 0.06590508351642825
125 372 0.025613862522757866
125 482 0.06326079331146627
126 204 0.03167440921545642
126 329 0.07349196612606085
126 405 0.06435690598002934
126 424 0.043371521822552016
126 426 0.0711947505191772
126 449 0.062354377279066765
127 337 0.05673697938225181
127 405 0.038958102485170294
127 419 0.026726161366458175
127 450 0.04228265342004647
127 459 0.06876034373705275
128 282 0.07115251886961545
128 302 0.024804021500631643
128 396 0.03937959315224048
128 431 0.05887309113654941
129 136 0.06426043357096409
129 137 0.06858462567155937
129 179 0.03268905403433685
129 236 0.04286235745037442
129 237 0.028040156399460923
129 247 0.050349855031846164
129 292 0.07553075475147866
129 429 0.04766898098804612
129 477 0.07150620522229692
130 186 0.06469119326119312
130 256 0.05649715629471765
130 294 0.06136811991943626
130 322 0.07393999579488371
130 361 0.06869970269020072
130 377 0.03062114365193875
130 447 0.06934732036371001
131 271 0.06575370444669278
131 311 0.07272815033150579
131 423 0.03341041455193868
132 320 0.0581037947329753
132 324 0.07409530588420453
132 462 0.019941561006131075
132 484 0.04769320917677035
133 259 0.06909407164641286
133 286 0.048817511144369385
133 300 0.029961533461316598
133 305 0.02417233615366556
133 316 0.06288166732757715
133 498 0.038485274729700245
134 226 0.07448290543260178
134 266 0.04704899999835661
134 270 0.06977495541212377
134 298 0.045256661635286785
134 373 0.03550706345693617
134 390 0.01931876358511907
134 395 0.05889170323864903
134 418 0.05813918564189208
135 193 0.05842388935593321
135 268 0.05019151212796915
135 326 0.07441173665162641
135 455 0.02633519511450162
135 456 0.03211686566332993
136 137 0.05660638344748578
136 179 0.03624852334139194
136 202 0.05868946787207187
136 237 0.07305011971302969
136 247 0.016632785863540365
136 295 0.06529495574140097
136 349 0.06867395280993023
136 477 0.00939149741512948
137 179 0.04254256953392781
137 247 0.06110988865485578
137 477 0.06513291538319288
138 146 0.06754675421268519
138 214 0.026007205527985747
138 235 0.04328604535893249
138 318 0.06905655740797452
138 338 0.05653655544886285
138 357 0.03734136947795764
138 374 0.035129734981523435
138 470 0.06715092452019744
138 475 0.011428006945951872
139 148 0.0631662457679651
139 327 0.06528967941150866
139 458 0.07256609057492068
139 466 0.05556980924498647
139 499 0.06160164459137344
140 191 0.07007418994109034
140 215 0.06193337508857665
140 219 0.02503123035685515
140 244 0.06622269191348264
140 252 0.0499610919795971
140 312 0.07179474654176533
140 491 0.04245035836832264
141 169 0.06866250180370748
141 223 0.04943306636313737
141 297 0.02669726005542493
141 311 0.0504522314884951
141 351 0.017363245572465155
141 404 0.052609223958220215
141 422 0.06739946145815609
141 433 0.028451409096874696
142 211 0.061401890537148285
142 233 0.06192634273639051
142 236 0.07302916543238228
142 262 0.029247646238242678
142 276 0.06720752570180392
142 293 0.059095559045605005
142 306 0.05963702911533265
142 372 0.05460460889847343
143 168 0.05687453312529255
143 251 0.05514649432128108
143 273 0.03397274038360016
143 366 0.05508415453810307
143 389 0.07394322624373463
144 147 0.056001080273404495
144 209 0.047917974881734694
144 307 0.060132858818348275
144 381 0.0671850023126107
144 383 0.05198486602639675
144 415 0.05897204572574983
144 442 0.045063390077006465
145 272 0.017443596881919148
145 334 0.003733052484688146
145 356 0.05093098893125167
145 380 0.0497612334948208
145 437 0.05547944290951885
146 235 0.06035030939704429
146 285 0.0528040434178875
146 318 0.001515485196863847
146 319 0.06550265854705507
146 353 0.0688212703745254
146 357 0.047206634485622054
146 378 0.06897829479374125
146 393 0.03249886302507058
146 398 0.07074713383137127
147 178 0.05868782127686541
147 346 0.06968780509689787
147 381 0.011818268654701024
147 383 0.0042207463858044995
147 415 0.05676557926306114
147 442 0.019622092663263525
148 192 0.05630238742191662
148 327 0.04493967140438233
148 387 0.06859261411338241
148 400 0.03853133246484795
148 438 0.06208334667094895
148 467 0.022108849560353198
149 253 0.05863948331428403
149 416 0.05558643536473898
150 181 0.04678024909574882
150 288 0.02877611337310386
150 355 0.06690151179179323
150 448 0.06185791603820283
150 493 0.06684390079166985
150 495 0.06044394666318239
151 162 0.027733821093005793
151 186 0.052586864140938744
151 333 0.008057729150231053
151 362 0.07110611506182282
151 379 0.06189348800541359
151 439 0.034501617562887506
151 452 0.0422129740912875
152 254 0.06507575572675336
152 320 0.03701575028628302
152 484 0.05902992925795305
152 487 0.07493118992028155
152 492 0.028256173442197056
153 323 0.04623648060772202
153 343 0.05972240768623121
153 363 0.0671101768898049
153 401 0.06236257375998987
154 234 0.06554832046589809
155 185 0.062081741115561986
155 220 0.0554734149769898
155 342 0.04981937634137316
156 192 0.06026465140046957
156 362 0.057467950871477005
156 368 0.0685750257144292
156 438 0.05776114451635766
156 443 0.03865203236555314
157 207 0.06872683374785707
157 217 0.06864722637158101
157 258 0.06937428354070814
157 391 0.011383688010712947
157 397 0.03446057647234994
157 479 0.016149710195122152
157 483 0.03832210143727592
158 281 0.061815646471796826
158 296 0.014803135426590997
158 401 0.06179421988295871
159 198 0.06997601164362291
159 263 0.07120221615852908
159 275 0.06456523907115895
159 339 0.041912220908284836
159 412 0.07110730355130494
159 435 0.0646335891298912
160 175 0.036169238783366184
160 244 0.053536486586842645
160 252 0.05050970733718396
160 282 0.0636402695082137
160 312 0.026379569784705924
160 396 0.06732408375435898
160 488 0.07354848869714516
160 491 0.0714977741117338
161 164 0.064148795348393
161 201 0.05617121656973054
161 321 0.06034063165021034
161 409 0.031259908386852255
161 465 0.04353428990584515
161 473 0.06813004556964539
162 186 0.07084801567870998
162 210 0.06777919848308483
162 333 0.029268387751753736
162 439 0.05485959376621264
162 452 0.04980367521212669
162 474 0.06510825890638824
163 245 0.0318883487271089
163 327 0.05955362095483833
163 366 0.06037291918427724
164 199 0.053136008596282515
164 321 0.06894459444885424
164 407 0.030375998015620874
164 409 0.07113734897091023
164 465 0.020781794049974035
165 182 0.04810822524679693
165 369 0.05759822292765056
165 399 0.0612604111790813
165 469 0.02864287446362819
166 198 0.027932688183961094
166 263 0.047039670056869695
166 275 0.014349995260467279
166 291 0.07071528034019517
166 331 0.05117672700235993
166 412 0.014156935110037076
166 414 0.029682449115722476
166 435 0.051859425760484364
166 493 0.07013655706376538
167 180 0.05850071933311133
167 259 0.041464667755658456
167 328 0.057546354966903995
167 470 0.054846903688238066
167 485 0.06448034842577012
167 498 0.06458397810187888
168 220 0.032521993853962906
168 251 0.06071219152808541
168 273 0.06804982225478658
168 303 0.06158754381201922
168 389 0.06475061440766124
168 461 0.056857528797466556
168 482 0.0638021995027792
169 223 0.028792622328231644
169 240 0.0640412916477837
169 297 0.055764925801410806
169 344 0.009512995920724455
169 351 0.0751106616114611
169 352 0.033672125403848965
169 404 0.061272070066659606
169 432 0.04942467475503734
169 433 0.05070306518571007
169 486 0.04953941513865941
170 187 0.03610272556196796
170 240 0.04129442353187192
170 246 0.06591336912285034
170 285 0.02624373711557318
170 353 0.06585330131745687
170 378 0.02832477650188993
170 393 0.05019266219930007
170 432 0.06490787856594711
170 445 0.07552210435190583
170 489 0.054408492269718396
171 230 0.051619176697494
171 330 0.051772669889257286
171 347 0.07098197083872791
172 173 0.057156602013810294
172 229 0.043948077561710756
172 301 0.04620463894158327
172 319 0.06914796222565552
172 341 0.04167332502728096
172 384 0.06172562634810352
172 398 0.03276282468093362
173 229 0.0660855583558705
173 338 0.05737531712721521
173 365 0.02735678448726506
173 374 0.07169134836143151
173 384 0.005888699463545962
173 392 0.06843382590671779
173 398 0.03635544539290602
173 403 0.06734040071583643
173 440 0.03613075411002879
174 228 0.034053974599102484
174 278 0.03130631853614285
174 326 0.05815096860896229
174 358 0.03734668837489288
175 244 0.022952680148700576
175 252 0.03672910124239738
175 312 0.02963486681078809
175 386 0.05782632191665137
175 488 0.03836206432681952
175 491 0.04750158368215089
176 191 0.05580616177171849
176 308 0.0655123653271508
176 387 0.05837122465728466
176 421 0.061081162721687274
176 441 0.03960543161192524
176 480 0.048121402726442344
177 209 0.057351538804357456
177 212 0.02409670299385263
177 232 0.04543479597687929
177 238 0.05363315375456892
177 307 0.04872391060651477
177 463 0.034678770335806346
177 490 0.025377261889640082
178 200 0.06382066442388441
178 290 0.06867368928505592
178 310 0.05794365361164661
178 314 0.06945113337018821
178 346 0.027304569097334218
178 381 0.05779078063024314
178 383 0.06189331534455564
178 415 0.05582487657370134
178 420 0.07042085905991913
178 442 0.0563696547008296
179 236 0.0644695830738097
179 237 0.05240878848122966
179 247 0.0282850847677983
179 429 0.07228935841815208
179 477 0.04509379203525194
180 328 0.01853343071195904
180 470 0.026426506145716146
180 485 0.007431214516253717
181 288 0.0666637623421457
181 325 0.05487885059378988
181 355 0.030928320641692052
181 448 0.04738102155246759
181 493 0.07275902937573128
181 495 0.0557837066174028
182 295 0.07265027243261496
182 349 0.06937198613082587
182 399 0.06934521086335353
182 469 0.06876600344730821
183 205 0.06361086072789453
183 404 0.0722913942619001
183 451 0.05850062787839856
184 231 0.012118045583075002
184 283 0.020265483518479215
184 329 0.035964220119098896
184 388 0.04112601399965564
184 419 0.07305396225528624
184 424 0.06693235100925672
185 342 0.027820197082607138
185 408 0.06438274508354046
186 210 0.07335075561680504
186 294 0.0685763433559296
186 333 0.04560746001315589
186 377 0.03420397868661507
186 379 0.0754134435393176
186 439 0.07452043249781906
186 447 0.06500154741880555
187 240 0.04138954030967074
187 285 0.06097407488444781
187 378 0.05647116828945329
187 489 0.03818301016038586
188 317 0.07441010285514371
188 413 0.05393024542532058
188 472 0.0035224600011695105
189 229 0.06779448463453752
189 301 0.05879393344582856
189 341 0.05334567653217767
190 253 0.03955266613879775
190 282 0.06132013254876998
190 416 0.04330534231305884
191 219 0.04582689161892453
191 421 0.04030501360647173
191 480 0.06560628646964549
192 387 0.07447912894907759
192 400 0.01821101925156187
192 438 0.008550280956563058
192 467 0.045876879199165686
193 261 0.06300221447505287
193 267 0.0735628225977765
193 268 0.015278336926774312
193 455 0.06433052767651055
193 456 0.07393961834956735
193 494 0.0606622764859203
194 198 0.06609452135261536
194 263 0.05054030594182162
194 281 0.05000429555461975
194 296 0.06789666501395514
194 386 0.06625262233460184
194 435 0.053293851429746776
195 221 0.05096935841688272
195 348 0.031227726550928495
195 487 0.06822551110708777
196 204 0.056200474429338905
196 225 0.015363375922567849
197 205 0.06686477226105685
197 213 0.018093050901407278
197 274 0.043009622290554994
197 354 0.054394286640899556
197 363 0.06845468071255038
197 385 0.06856595160399523
197 417 0.07187860157845805
197 451 0.07118154005975162
197 464 0.026994398544220144
197 497 0.06952295018909768
198 263 0.019112352721944222
198 275 0.02027919420668635
198 331 0.06146906150543532
198 412 0.01397878070734888
198 414 0.05652507671031147
198 435 0.02448324999638216
199 201 0.06095525218232294
199 407 0.06864227479854602
199 409 0.06212832766519556
199 465 0.057019101837966005
200 206 0.03315935307479259
200 288 0.0667867930057122
200 290 0.06507369279773655
200 310 0.031196472359487356
200 314 0.005839812640079234
201 226 0.02835001211313429
201 270 0.06226999550760067
201 395 0.06301671076611957
201 409 0.02499890730146572
201 465 0.07415361730632776
202 247 0.06042356302861106
202 248 0.07045855311319903
202 295 0.0326722494300602
202 315 0.06828049101867223
202 349 0.03175226685399998
202 477 0.0500369646479286
203 218 0.04280648908459853
203 335 0.05130986125994802
203 364 0.022711381243875513
203 370 0.02078100839801946
203 446 0.05556376282715105
203 448 0.07414585860293789
203 468 0.05540578426783317
203 495 0.07113745272694977
204 225 0.04736570568984777
204 405 0.056953187014453066
204 419 0.07537750086812652
204 424 0.05615753750016386
204 426 0.06752518226525227
205 213 0.07460326115257208
205 274 0.05405052743288219
205 451 0.04129640408637711
205 464 0.05165496004418406
206 243 0.06337541778733762
206 288 0.0687845130168425
206 310 0.057233899988165984
206 314 0.028055765790780646
207 339 0.04670824705270686
207 397 0.03848974710886123
207 425 0.07413766738891282
208 254 0.0733336138569667
208 278 0.061490311170765415
208 313 0.05099635090657373
208 402 0.030298560137428376
208 444 0.03888707897609294
208 466 0.053862387546479706
208 487 0.07543637567892886
208 499 0.034825439202691225
209 212 0.03595811292622189
209 232 0.04180013948330441
209 307 0.01579025003138406
209 415 0.0649543895048579
209 463 0.06845293043868148
209 490 0.0342708966327884
210 333 0.07269260952718426
211 286 0.046727984572388484
211 293 0.07226677707799672
211 306 0.01587521763412979
211 316 0.02948110331865696
212 232 0.025702763897326734
212 238 0.06704626141160386
212 307 0.032322749671305905
212 463 0.035433363900505666
212 490 0.0017015825847383336
213 274 0.06049424272033048
213 354 0.036375936884881145
213 417 0.07043601579258107
213 464 0.04397461425207109
213 497 0.0718072845750832
214 235 0.06906189186523712
214 338 0.03772323165810111
214 357 0.06314064271572976
214 374 0.020192493579132848
214 470 0.06585102218255881
214 475 0.02348694875832863
215 219 0.06633201392281583
215 269 0.013869715580227709
215 359 0.05512241370807005
215 437 0.06952320331787097
216 222 0.04325521670747957
216 257 0.05514394792420197
216 279 0.07117296493632562
216 453 0.03184522522319239
216 476 0.0626433115762167
217 266 0.06786595086263153
217 373 0.06972763779546336
217 391 0.06888621746411469
217 479 0.07397152023031309
218 335 0.061722271156619865
218 364 0.021453873117806686
218 370 0.024900659752487998
218 420 0.0635682964918352
218 468 0.04894802918526701
219 252 0.07268515185481954
219 491 0.059538047102823476
220 276 0.07061521727474357
220 304 0.06700176158252745
220 461 0.04711995279911376
220 482 0.043913926950716116
221 278 0.07175805605076074
221 348 0.02844087751409715
221 402 0.07115915720273631
222 257 0.05172520507746311
222 392 0.03663771059903336
222 403 0.06142218366366237
222 453 0.04289763684912566
222 476 0.02225392553086732
223 297 0.048375624100413114
223 311 0.06516234027666762
223 344 0.036595030782084134
223 351 0.06135107758914539
223 352 0.03797694794776272
223 404 0.06572549080819523
223 433 0.024595103762798175
223 486 0.05017897569669602
224 230 0.046939759037108175
224 257 0.06428335744880113
224 279 0.030104164826045197
224 330 0.046721986987036855
224 332 0.04335130568500428
224 382 0.07195106543623485
224 453 0.06314255880481402
225 410 0.07205833041027646
226 266 0.05623582350143096
226 270 0.044706210614038705
226 298 0.05633262358682399
226 373 0.06281948311024248
226 395 0.04109680764393709
226 409 0.05233105430283805
227 246 0.0698679936776393
227 255 0.00957240812241957
227 260 0.05212162176517144
227 345 0.036086826565350866
227 430 0.01939046900871459
227 445 0.052977665887656726
228 245 0.07386442466550112
228 278 0.06185434539523318
228 326 0.05992817885737376
228 358 0.015398002643775515
229 301 0.05398709554894576
229 341 0.02249261784055739
229 384 0.07197425618266438
229 392 0.06576196096680693
229 398 0.06559023524478877
230 257 0.07108148556431544
230 330 2.2988421829455303E-4
230 403 0.07481591455152756
231 283 0.032371983586837995
231 329 0.041634649182627534
231 388 0.03958918620452862
231 424 0.07195135557843177
232 290 0.052742132996003464
232 307 0.04757954328125617
232 415 0.05881463947426817
232 463 0.03318215535690611
232 490 0.025784575495016615
233 276 0.0642417502482194
233 293 0.06216762801639407
233 372 0.007645250980968959
233 427 0.04702767098882404
233 454 0.07003234426719349
234 280 0.06186568779172714
234 284 0.04800220405087612
234 299 0.03689298997764719
234 309 0.022447870076552523
235 246 0.06128713734045355
235 260 0.05826804619128052
235 318 0.0614481420880913
235 357 0.014612940194958691
235 393 0.0577926164478062
235 475 0.04767707336988354
236 237 0.0630945743896342
236 262 0.043835522086510266
236 340 0.07537308767317555
237 247 0.05655637822936721
237 292 0.04749093546446256
237 295 0.07411890446111712
237 350 0.06790870352433412
237 429 0.02029733875675367
238 307 0.06459993130480692
238 367 0.06774486487770885
238 376 0.024900636487460565
238 481 0.06862709071004866
238 490 0.06707953415448807
239 264 0.052720859383771086
239 335 0.05861691363854551
239 446 0.042631096395170286
240 285 0.06370271034954877
240 344 0.05745551480546579
240 353 0.06049204240179014
240 378 0.03547934097492397
240 432 0.035296688210088384
241 336 0.06318955244949392
241 337 0.0653088778398541
241 367 0.03888441067661212
241 376 0.07272936915503482
241 481 0.0403426900730078
242 277 0.017238978584943134
242 360 0.0733182969097199
243 265 0.04834536774434508
244 252 0.024436736328852578
244 312 0.03501604374215576
244 386 0.07228127396336895
244 488 0.03746095314636043
244 491 0.025444020411404273
245 327 0.06619054086465034
246 255 0.06029596155691995
246 260 0.02739964858934933
246 285 0.05328242539737302
246 357 0.06717950076660345
246 393 0.053343506132077834
246 445 0.021122728303671186
246 489 0.061461484561940206
247 295 0.05821198666276183
247 349 0.06218559788416891
247 429 0.07264203352972072
247 477 0.021596443501092317
248 315 0.0516047655006019
249 360 0.052184364137430925
249 492 0.07383238256870645
250 292 0.05551651453168249
250 347 0.047619858257836184
250 350 0.021218427743647607
250 382 0.06655199696629162
250 429 0.06940920505286623
251 273 0.02976800968646495
251 303 0.04183935564868802
251 366 0.04553929910229185
251 389 0.020819070955231344
252 312 0.024566662430183857
252 488 0.06186360071599646
252 491 0.023558694296590247
253 416 0.003856007094318898
253 430 0.06833108885387938
254 313 0.037886602225220195
254 444 0.03792643385663632
254 458 0.06992796223998486
255 260 0.04327788658937559
255 345 0.042924315717104075
255 430 0.028628067613233752
255 445 0.043638985164253075
256 258 0.07247192934384619
256 322 0.01792600601899256
256 361 0.055063923307202556
256 418 0.048636501481762344
257 330 0.07104480399591999
257 365 0.06850951019878769
257 392 0.060885019155933987
257 403 0.025553991163791364
257 440 0.05643309547477489
257 453 0.023664097508258177
257 476 0.07121255533789886
258 294 0.06539250096790163
258 322 0.07445813610126026
258 391 0.05840518047808
258 479 0.05610442464598261
259 286 0.06928174524888826
259 328 0.07257725199682302
259 498 0.03558782639299627
260 357 0.06922237880883891
260 393 0.0741909305053818
260 430 0.07150476371634396
260 445 0.028882304255822278
261 268 0.052034555845664555
261 342 0.0683513403291798
261 494 0.004771927816825426
262 306 0.07160442999900228
262 372 0.07017922610841545
262 454 0.07213003343342543
263 275 0.03824023933019441
263 331 0.07355678031598727
263 412 0.03305829111525145
263 414 0.0752548321429025
263 435 0.008790542108335688
264 446 0.03898753665400555
265 281 0.06278229215034878
265 291 0.07003970554475378
265 394 0.04803489077338853
265 401 0.0636291326361593
266 298 0.0696723784068293
266 373 0.012952816832644097
266 390 0.06516509593437295
266 395 0.0703190497044593
267 326 0.05642364693277296
267 358 0.06593375755732864
268 455 0.06215218335245948
268 456 0.0716668474730676
268 494 0.050552202991936926
269 356 0.07189094315430714
269 359 0.04271200900518
269 437 0.05565348944253528
270 298 0.02766135129448576
270 390 0.06606404174421651
270 395 0.011252245789023207
271 311 0.06853173510352926
271 422 0.07418158252228016
271 423 0.06226996804784285
271 478 0.034208359746811676
272 334 0.017203670007621675
272 356 0.05738504731427887
272 380 0.037918321032291764
272 428 0.07130167916669249
272 437 0.0680803925955647
273 303 0.07075622211358679
273 366 0.026273175561848244
273 389 0.05057456171014707
274 385 0.03910649236355066
274 411 0.04696928192569612
274 451 0.03364607844970747
274 464 0.016756715136739073
275 331 0.06308129463528889
275 412 0.009126720543180629
275 414 0.04333231375002824
275 435 0.041191572557103366
276 293 0.00848676964785937
276 304 0.03187772150854441
276 372 0.059470127528508776
276 461 0.048741733685279634
276 482 0.033133416222764396
277 360 0.056106223844920575
278 358 0.0681886136701744
278 402 0.04960903416174812
278 499 0.06434912185238717
279 332 0.01775255872433934
279 453 0.06669365461883743
280 284 0.057981928196885725
280 309 0.03998011217419456
280 479 0.07197592285337329
280 483 0.053686851840266836
281 291 0.07547754455459679
281 296 0.04701342710380908
281 331 0.07301228800976396
281 394 0.04603785275650897
282 312 0.06952229743916498
282 396 0.042612726353196795
283 329 0.035920632032287785
283 354 0.0702880553475397
283 388 0.0514086501096665
283 405 0.06426696086398279
283 419 0.05646439515020812
283 424 0.06412992586840116
283 459 0.0672784687562254
284 299 0.04990299565163593
284 309 0.03845595062402795
284 483 0.05239248425798109
285 318 0.05181163928494375
285 319 0.073857897455999
285 353 0.06478477405897531
285 357 0.0734305051717055
285 378 0.035983545259205246
285 393 0.02398142034518799
285 445 0.06911792165188219
285 489 0.06841538673750416
286 300 0.06492228514183654
286 305 0.04634437034600088
286 306 0.04485374845511678
286 316 0.028533567335381066
286 498 0.03758383598843476
287 362 0.051327325869965926
287 368 0.043455049519794245
287 436 0.03946301053872624
287 439 0.07077394051221898
287 452 0.04757980650672006
288 310 0.050563402034264786
288 314 0.06341749379564636
288 448 0.059949194472784066
288 495 0.05281172115559346
289 325 0.0560752382893442
289 355 0.05083596582186595
289 425 0.05273933461162139
290 314 0.06909542309598553
290 415 0.0370525934610392
290 442 0.07457167006884217
290 463 0.07198671933049616
291 331 0.020014280493615123
291 394 0.03136560925686358
291 414 0.05940338937948651
291 493 0.07550502691586705
292 295 0.07053555199505573
292 349 0.0729293135675902
292 350 0.039952467756900575
292 429 0.02905654442849545
293 304 0.03615815986771116
293 372 0.05663946005339997
293 461 0.05572133406986741
293 482 0.04107455122303989
294 377 0.05833147204760378
294 447 0.012068125408525907
295 349 0.004459719915179256
295 429 0.07539154229326123
295 477 0.05982915767234277
296 401 0.06135987662843058
297 311 0.07528197607328423
297 344 0.0647785133878513
297 351 0.02178958676592196
297 404 0.026452785634296202
297 433 0.0395860475038322
298 373 0.06486898388761127
298 390 0.03863646038574566
298 395 0.01957783007090861
299 309 0.052497533477126296
300 305 0.01885232572597019
300 316 0.06614215848530697
300 340 0.05411005218471586
300 347 0.06307134395549956
300 498 0.06719674252409918
301 341 0.032633268782319216
302 396 0.04746770236758627
302 431 0.03978367993582983
303 389 0.02350633173023565
303 428 0.05195292591709053
303 434 0.061548595199969525
303 461 0.06485046557534113
304 428 0.06650864507897053
304 434 0.057955698052814794
304 461 0.02580252399047533
304 482 0.02385217643972203
305 306 0.06653892583912234
305 316 0.04841151849754297
305 340 0.0517793344715405
305 498 0.05446073361984388
306 316 0.019518905023682843
306 340 0.06267758123591562
307 463 0.06763198014458847
307 490 0.03071659766106431
308 441 0.029996500108985535
308 480 0.026503778607137256
309 483 0.07080710161553137
310 314 0.03262649215599809
310 346 0.05876456061272417
311 351 0.06630336589669679
311 422 0.052092323100201364
311 423 0.040264902020356534
311 433 0.04466809882610167
312 488 0.06610706888418369
312 491 0.04700435886006631
313 444 0.015221942490863602
313 458 0.03953453452180212
313 466 0.03936448782837816
313 499 0.05832906469300671
316 340 0.057410024915283256
316 498 0.0647761319763301
317 413 0.04877853553940921
317 472 0.07180935607733918
318 319 0.0641679446904628
318 353 0.06735367948857186
318 357 0.04842220428309422
318 378 0.06753513395600765
318 393 0.0319170938361874
318 398 0.07090864819434042
319 353 0.016322866210247294
319 378 0.05214143572684943
319 393 0.07519491571030223
319 432 0.05346195480296146
320 484 0.02311333630963622
320 492 0.05364758025454088
321 465 0.0570956698322072
322 361 0.06571829173581886
322 418 0.04016774169307331
323 363 0.02339266847957375
323 385 0.057421441461361855
323 417 0.05954874212984771
323 497 0.04494891919578389
324 436 0.05542386712750272
324 462 0.05811387645096372
325 355 0.042996843977576166
325 473 0.07339149164414657
326 358 0.04570287785712991
326 455 0.0483193153821146
326 456 0.04605381619658855
327 467 0.05938163202502218
328 470 0.04314722798724537
328 485 0.024731163106825965
329 388 0.02396373999762882
329 405 0.04873459885446104
329 419 0.05298319646525628
329 424 0.030968482760380965
330 403 0.07485889565767152
331 394 0.03746092171212702
331 412 0.056403980225458325
331 414 0.044531052342253775
331 493 0.07043561595450137
332 382 0.06968463546724289
332 460 0.0753360686265056
333 379 0.06505146422404695
333 439 0.04128127163008151
333 452 0.05026931312153478
334 356 0.05465926957478525
334 380 0.04699978888695587
334 437 0.05872666274602452
335 364 0.057983988670914366
335 370 0.059799519509085027
335 446 0.045049758745246235
335 468 0.02193205768118241
336 337 0.03327038561561246
336 367 0.04182618318051631
336 450 0.04283036513773174
336 459 0.03647248704661295
336 481 0.03928791679241779
337 367 0.06363811243271622
337 450 0.014481237118940834
337 459 0.053402359940301077
337 481 0.06182102247962993
338 365 0.04970671165777732
338 374 0.021423468831269055
338 384 0.05153656897453018
338 398 0.07293696410966898
338 440 0.06083473459060634
338 475 0.059246496764441756
339 397 0.050230977953862804
340 350 0.0710252173287365
341 398 0.07143124641664107
342 494 0.06383919542358456
343 401 0.05797381229583864
343 431 0.053286091551122336
344 352 0.030974997871143512
344 404 0.06825389715731106
344 432 0.04008500181246395
344 433 0.059566042152812866
344 486 0.046419603863151644
345 430 0.021867107795340446
346 381 0.06408479817950909
346 383 0.0736829153876922
346 420 0.044551849727814584
346 442 0.07437654019001978
347 350 0.06662827851935321
347 382 0.05804076574299513
349 477 0.06284479916823764
350 429 0.048750125474821396
351 404 0.04250252882422255
351 422 0.07306470537334954
351 433 0.04394457935527763
352 432 0.05233884256363438
352 433 0.061470711690965754
352 486 0.015867292686700125
353 378 0.037825760880722314
353 393 0.07107756309919959
353 432 0.03896614646274372
354 459 0.056413769117867156
355 493 0.05986389308320921
356 359 0.03152334709923738
356 437 0.025669827272736177
357 374 0.06717218970242296
357 393 0.05072977304274501
357 475 0.04486685242157578
359 437 0.02868645767399099
361 418 0.057691730850568855
362 379 0.05752775149341176
362 439 0.039277557683579524
362 443 0.05940448015077819
362 452 0.03382632150560827
362 496 0.07493952802554399
363 385 0.06583107718298661
363 417 0.03705282062341776
363 497 0.022536069270838538
364 370 0.0037921986742152016
364 420 0.07166179324487858
364 446 0.07529056159420466
364 468 0.05296818328598573
365 374 0.06946247872712154
365 384 0.024265918440961636
365 392 0.06372664207514848
365 398 0.06273958855205863
365 403 0.043063081419055335
365 440 0.012984448080590922
366 389 0.06360920003775204
367 376 0.044990948715415
367 459 0.07464492410207191
367 481 0.0026827764166583237
368 436 0.036472757497058444
369 382 0.06702130804784029
369 399 0.02189420490437727
369 460 0.030875700872518477
369 469 0.034510092041420394
370 420 0.07200576912371599
370 446 0.07474384807208037
370 468 0.055893161955046004
371 411 0.05277224407098377
371 431 0.07512616848782588
371 471 0.02504078445019191
372 427 0.052944211025719654
372 454 0.07125298194187905
373 390 0.05434916539998561
373 395 0.06908770599895997
374 384 0.06624150295583157
374 475 0.038646463767703136
375 408 0.07250895699186229
375 427 0.04819010180621508
375 454 0.029644174253850113
376 481 0.046336777172321764
377 447 0.06114661260130136
378 393 0.05338210861155159
378 432 0.04219410347340665
379 439 0.03855681475660915
379 447 0.06648632255478615
379 452 0.06126441360006611
379 496 0.03133916526109062
380 428 0.0688086611118056
380 434 0.06691358758214651
381 383 0.015367094809483886
381 415 0.06598376941998817
381 442 0.030651157349181855
382 399 0.061927612676664426
382 460 0.03877328529331016
383 415 0.056207935885655785
383 442 0.01821031962359297
384 392 0.07168289974971036
384 398 0.03847467378684001
384 403 0.06600079795434917
384 440 0.03460666476661062
385 411 0.038402218541359515
385 451 0.05995499276869298
385 464 0.050904206751519916
386 488 0.044593148982589065
387 400 0.0709404241970218
387 421 0.07425066616341912
387 438 0.07171459391964352
387 467 0.04861918595254316
388 405 0.06981459954946781
388 424 0.04116732268271341
389 428 0.07394599018508806
390 395 0.0565475200145432
390 418 0.05476554073574665
391 397 0.04584414417023518
391 479 0.006158896981034139
391 483 0.041301853830482786
392 403 0.05421006037899112
392 440 0.05364457109661783
392 453 0.06612664114538201
392 476 0.0321053475937652
393 445 0.07330694383585018
397 479 0.050169728899094934
397 483 0.04841566648770764
398 440 0.0724654430058027
399 460 0.023542571063381056
399 469 0.047008510977471364
400 438 0.02535079757712784
400 467 0.03205298834971524
402 444 0.06357811643751766
402 487 0.06247218546794671
402 499 0.059429054793934066
403 440 0.03139537729779701
403 453 0.04804628265677138
403 476 0.07545468055607744
404 433 0.06394131039022771
405 419 0.019384911855115327
405 424 0.03692813951562059
406 457 0.07033097534891496
406 478 0.05873562663456024
407 465 0.0505966136175802
408 427 0.05363557020329528
409 465 0.054647969503081435
410 426 0.06545601350184092
411 451 0.041213421859433594
411 464 0.0637223353137903
411 471 0.06640858886076363
412 414 0.043489695641366004
412 435 0.03770531674426994
413 472 0.05040798052491531
414 493 0.041071741942779315
415 442 0.03825398791719592
416 430 0.06727267404693604
417 497 0.01461900309122326
419 424 0.05178405425459614
419 450 0.06309718673119122
419 459 0.06959191284688335
422 449 0.044603693976366245
422 478 0.06511512121737317
423 433 0.06763491180704873
425 473 0.055579007723316524
426 457 0.049068983411643056
427 454 0.04690736662193639
428 434 0.01278128516332559
428 461 0.06327810596722189
430 445 0.0704352236882476
431 471 0.05052938504290305
432 486 0.06053125986952958
433 486 0.07165938826455931
434 461 0.059354696382238024
434 482 0.07397938790960518
438 443 0.06923734896024278
438 467 0.049102270481226166
439 452 0.024217078578129863
439 496 0.06817497532369118
441 480 0.02939083086723611
443 496 0.07287343618835675
444 458 0.053480273740061084
444 466 0.04542747310744154
444 499 0.054520058341865005
445 489 0.05362099667158631
446 468 0.06599153257669708
447 496 0.06720170994176342
448 495 0.01262951213856593
449 478 0.051104506156908064
450 459 0.052901520076870184
450 481 0.07537398994119396
451 464 0.04495660524868554
453 476 0.06502924351973809
455 456 0.009631096229891707
458 466 0.03250058855246467
458 499 0.06704778259414898
459 481 0.07196370304461755
460 469 0.06443433636490685
461 482 0.018542621811526844
462 484 0.06758834702366641
463 490 0.03697373205319096
466 499 0.03483310228887801
470 475 0.05599240573145568
470 485 0.02521617232353587
475 485 0.07203433153690626
479 483 0.03906547845291915
484 492 0.07021435083142344
487 492 0.07381336968054872
488 491 0.05668305679086112
0.49128657622602634 0.6635557000130292
0.9249939646612364 0.9286377759681047
0.8962326814048359 0.17685915395427387
0.5484604616136224 0.5935468064676571
0.677355292438449 0.17212710136248532
0.9050059594240627 0.09369879450745466
0.26339072726256785 0.9539985821909054
0.9231336053267518 0.7480591826952487
0.5158105731521299 0.7599537523785742
0.35593204371668985 0.683095507814491
0.43562570799843214 0.08065234384390074
0.6700890294519033 0.7414111467562126
0.8598002163041004 0.2901711476770996
0.8166197014659307 0.16037660164682888
0.2012603121502975 0.4577535842341198
0.7307525428923195 0.4553593132210315
0.4437110411777341 0.22147262889219
0.8312667460382765 0.841566734152379
0.5409489903666622 0.6442479889485129
0.4936771309935999 0.9591816568613141
0.09008655611810523 0.043947091343171985
0.45701359756347915 0.6283828878176909
0.6490794828933842 0.8918389307043022
0.39054443591238563 0.8540082627401723
0.3511761149962398 0.007458265101718875
0.3946433141386354 0.32403118120521046
0.5323835367373907 0.44297744684261087
0.03910255838929011 0.20168585797892857
0.9327716022343944 0.6464716852428779
0.6525459280210075 0.09799056539347306
0.6584136364931082 0.7210028288216599
0.9681959664871489 0.7295822167006885
0.4979879432495302 0.855235738009771
0.9041030753989707 0.9161895655386423
0.3765415483625286 0.2913405326769397
0.2100438966274013 0.2527367270917057
0.6986438899090508 0.5172228753238325
0.9486494186952555 0.002982246602255656
0.08413501706691418 0.7226634525887987
0.294923740290833 0.504763532456045
0.5318988488647498 0.9427374216232799
0.9361667978378151 0.6513300181490033
0.3605692123931793 0.7269226928301511
0.433415242921947 0.8189131999283393
0.36980264194329093 0.6185960729122626
0.2658677361123535 0.9475948239600502
0.5417285423666347 0.2071543794236439
0.9213621648653859 0.3506994255776963
0.25941383979929733 0.023787444948160097
0.3188241550754588 0.22735086035695118
0.4576557650692592 0.0919684903187935
0.05270734263238108 0.7834969605355485
0.3411433419425347 0.5150167779000536
0.43479797629644157 0.3286202274206368
0.3060040533480879 0.0856261187585633
0.07535762896229747 0.7085168123950862
0.48297931373184255 0.5360423257691973
0.7934294271539191 0.9589394856371671
0.8839487432672044 0.7126113498115662
0.975234851142927 0.12056542060512865
0.4782495946537547 0.6547092920353531
0.10993964649885879 0.7426626339134386
0.6512146515159257 0.2856040082771727
0.12366897548195488 0.7209934652252994
0.40457808335923384 0.1815879068750409
0.3055035787734779 0.764907608154412
0.34687549146099084 0.6757595547972567
0.07328995266937965 0.9692410748205895
0.9916911616223969 0.3741217830870498
0.5624497002436445 0.6785516598828558
0.132581399715212 0.014202336227792767
0.037574186054150194 0.07438539833597635
0.0957304913313024 0.4801925723765569
0.4244424690766311 0.6906826917414272
0.48487103585517455 0.7036384894557818
0.8392021646300273 0.368096896947251
0.6277283733345483 0.12500764772906536
0.8518040205701262 0.9949120509191205
0.30922425970986245 0.36899469726413725
0.36238328471031933 0.7504105367955572
0.5339019948031687 0.7952166025575109
0.39213134944163863 0.46595570087971105
0.9985119904138282 0.6259890730782659
0.7943043201301115 0.14971820134889346
0.6754227166786757 0.42416301668226575
0.8763649714929819 0.6828894437975772
0.40849912498691376 0.7965405296591699
0.19085757240622192 0.18838857135330622
0.7053168247242835 0.33217788332441733
0.300465656736259 0.5974849725174981
0.9730569641719482 0.9499225882018358
0.15180503403363055 0.49542064955599385
0.29015366478216087 0.025820528773861984
0.8028552635489379 0.4140324616967124
0.431741403272039 0.8985681542670944
0.6405350210317097 0.35753715581130896
0.27417792102987737 0.6099738286945234
0.8977779455694743 0.4970564992975791
0.8923930302450794 0.027431552281840688
0.2335671087301029 0.6501244093361312
0.6335417268708904 0.8166993962660429
0.3747381259795194 0.373331090440865
0.2014155303581191 0.08581369683528783
0.33496202807325615 0.23942421592044505
0.3182932554935286 0.9047595386736715
0.524171205410365 0.14460037832580763
0.8443884875051558 0.32055707248575493
0.14079248309331804 0.29738484624616934
0.3297779044164151 0.9337117391020977
0.5995036886923082 0.8774111793054301
0.8496709591392554 0.57951652696553
0.3888313158624146 0.22057667527413904
0.6311082367670442 0.1664822893815856
0.6757583763096207 0.7864634776343534
0.4176519521754587 0.26421222912334663
0.17861319564085376 0.09457918887267425
0.7383591735910682 0.6043250912124802
0.3148615516489651 0.2778853271548726
0.24830427367293262 0.26057092315188235
0.39702607226774844 0.8952453076272482
0.09014439877333058 0.9080720946542612
0.697807966366138 0.1688383575926068
0.7896976228825011 0.22666189749504373
0.5345887120716463 0.8682495328390136
0.5432304187141374 0.2095812353430081
0.13383977264801494 0.6498599527478769
0.8801276294360119 0.8663338223341884
0.9275704892924282 0.7783258721022779
0.5918444544086418 0.5672887042019097
0.10679622542412337 0.8063486335302503
0.5065167564177413 0.06765865798121118
0.711109609731034 0.9696021612273978
0.1583324814129624 0.06977120994300356
0.26878981901697785 0.7655986311660187
0.6517434229170022 0.03508901904564288
0.01848639410369135 0.42843655363466737
0.052823483586203146 0.8412247924532955
0.041365331108315195 0.7857902058777896
0.4535555553748013 0.7942350998461423
0.21170720922134156 0.2901630249536693
0.4495564819611517 0.4527665998720861
0.7342981165131991 0.8533416144095725
0.1477250936870661 0.6981675086806254
0.17855615875867703 0.4811515074914702
0.9775263077752795 0.49346534553704735
0.3421878181653262 0.6050291699378297
0.5180991174849021 0.8141522430852833
0.9812697864573544 0.4375895246558724
0.27310447984914343 0.3050072077831627
0.4290035919363463 0.6412817671284522
0.82620446873169 0.31972405683918603
0.3919919854841879 0.0923908878430384
0.0922914161141325 0.13390328365284676
0.7607374224744573 0.5470556676796173
0.4430617521243203 0.28700435398717306
0.10016476166965682 0.5716385121402152
0.3302563022237569 0.2051446665973622
0.5963215447287042 0.1866965226075158
0.6558650008425078 0.48417013630921346
0.6270112620365699 0.29196686119881143
0.5458207501928749 0.4712115498004924
0.7969660938588256 0.08919406153646003
0.37218347772935123 0.07297986383745259
0.2322674092482151 0.40029065294545807
0.8385425923507981 0.04034262637026442
0.16407379540919975 0.9902363581951305
0.6943415194674685 0.3312629262124809
0.3483182777143563 0.7472860889949492
0.1760559957067317 0.5379710613698111
0.6658871702462238 0.8474695121624083
0.5866329012844552 0.7792785621283019
0.3268955445338244 0.8360307402437919
0.5193241749582683 0.9052330014593613
0.4630251182917401 0.8953692611837789
0.1080260693362518 0.3388507830965035
0.5334921733638057 0.4372083142553579
0.3434610308024212 0.3884553218035408
0.8930648994442281 0.5561305503662679
0.9330161148051366 0.40418528034013845
0.07465065694399553 0.8122846827845276
0.40177771610843316 0.7235285089607503
0.8243256977175419 0.27298155022115467
0.13328015723589903 0.9532748486960801
0.6932810881244287 0.7360612981952704
0.8307107471844929 0.7690710292315108
0.03901024147432708 0.5823280977083589
0.4427920782021336 0.07879938829274347
0.6171651988606383 0.7600123845696324
0.9432875062353984 0.09229152076680147
0.555860241100803 0.9911350746034884
0.4790530865616932 0.5674267869139383
0.39580268917902095 0.40781193540402727
0.3087858341996895 0.26145494284644144
0.052482809904041416 0.47595070479202295
0.6430941383496318 0.40642093008026314
0.010756156939412453 0.2444570601534961
0.9662435079092234 0.8488590429802823
0.7975029068721078 0.6699803965703331
0.6709066851170918 0.34646304490125457
0.7946507492320747 0.01039364446460389
0.8694741740998445 0.3982271783847158
0.7526991980461946 0.05461592529349224
0.058957796116208994 0.8995927960930566
0.9439848685878427 0.26205075459893035
0.9112458396899279 0.8604240685541004
0.7552787700258865 0.7218265153943548
0.8364461206889098 0.40117512414798884
0.6609081814985001 0.21019001165814521
0.12427824498628803 0.2514004633255469
0.940447414353851 0.5238180715992795
0.4069546990067703 0.014799266402515832
0.20912309106277827 0.6974760755399801
0.9067152564871342 0.5362730870898288
0.814431445292316 0.6763665595714198
0.43215710987155476 0.8090162117603211
0.41906615222304866 0.5066746952040868
0.36972876240375785 0.9934460149102134
0.6381076132754379 0.13223216578657493
0.980232986075343 0.28482067963969904
0.4275253008354559 0.4408842789125794
0.1549100213061182 0.5626799231583638
0.03139694989004893 0.29105999100336444
0.4116493636781243 0.9827840750676424
0.6868495911054027 0.8672075974864423
0.3191048501564613 0.931015273571561
0.9585792035264364 0.8621741381007134
0.7249638584488628 0.04874445833577701
0.5289072604770679 0.6652694922862139
0.13434902681923755 0.360455761581687
0.5046838431126747 0.9466708368857085
0.3353061879819772 0.8869601078003908
0.8189488090582875 0.7719871637052276
0.9005600027388054 0.5113182293812502
0.10311399850151615 0.6552172803802926
0.5081942040985942 0.2796323789655807
0.4845308605154177 0.7639991577529767
0.11864111460867266 0.7651554267309562
0.12465959059484855 0.8279622994775984
0.9213404250532935 0.6017047737078929
0.9546574989700888 0.16915914222914774
0.6216547856045355 0.801157708215399
0.9880557739055617 0.6729649618805229
0.07710580585041216 0.009843945133221177
0.7942951245039521 0.4485009849466608
0.5117207038391894 0.4299399828961491
0.20224317560982974 0.3895476468964345
0.5382565648272714 0.7345091272412446
0.06941691830629959 0.8400813372629684
2.954462598315777E-4 0.9386201764321656
4.8595693210817803E-4 0.09297958514306859
0.20968052913691215 0.8540162587805531
0.22773359337000942 0.5061057808925374
0.4994896176022142 0.4510954694627478
0.47650403935481467 0.6068972284749888
0.13871921216847338 0.17950277637968093
0.5302662460992155 0.67474494242544
0.5620788906657823 0.057422549971209436
0.3827757524629938 0.9398677446594738
0.5567718694709621 0.1296999051307417
0.3189178431731219 0.7180468495918161
0.5178651292829647 0.716208031665782
0.0011671341572293548 0.5125017711432063
0.13482772386680875 0.724417892719662
0.6551994197996823 0.35735174743261766
0.9040438684880423 0.18391547726160817
0.7460442220014849 0.45152174479036966
0.6755827627831471 0.07565124624770603
0.1152673374390496 0.43761544725072377
0.037234385412826865 0.4749951265462661
0.410024350372302 0.5171920536922361
0.7147970973215381 0.005209619003964772
0.7764279229996752 0.9620478511859267
0.32482858326051023 0.6067426563539764
0.21252297844055257 0.48051727577478476
0.7545495617655588 0.6677809071446014
0.6802654427061926 0.32847250922104343
0.16331500384130326 0.6327931542873203
0.06125211580623713 0.01661468324921367
0.10104514816620269 0.3083327176285876
0.30755008281925234 0.9588136204946546
0.5212342580764507 0.2191565960587175
0.6868267292564948 0.43066737448942816
0.5296323793876078 0.532758446990759
0.8500817786477335 0.7631167902131395
0.5544218546781134 0.26670117965384554
0.5606352645225423 0.7828641751284663
0.2496859395815766 0.7206743483687577
0.31462645227479036 0.1295097081683524
0.8511951410947985 0.33399048581428303
0.7561304802411923 0.22873263270504385
0.8920116282205017 0.45927346128624436
0.7441007612084805 0.3815090079995409
0.15514013576415386 0.864381049009559
0.16369719738324717 0.6412713137074022
0.4914293664390925 0.12714325099552437
0.0911615234976606 0.8940795551622417
0.6631548242017743 0.4712863754511144
0.7192526472643559 0.8312876453892555
0.6871907183174899 0.006952660518615983
0.5293564207127969 0.30985245999565636
0.2464048991335125 0.7855136719433917
0.556736252368629 0.9323476676672137
0.6138871550450637 0.5559151018149402
0.23699167494579865 0.5469079818948539
0.1918485842551696 0.618579642499527
0.2446446199581489 0.76674370650648
0.20550518932135342 0.7129335437000761
0.93887353219652 0.5395296880345308
0.3119863802660231 0.4459115345604715
0.5167682921260244 0.25888649056639035
0.8852849432095733 0.3713340664815703
0.7410793451575866 0.9033360401012557
0.520492186495556 0.46383960548050285
0.1572864718503828 0.2125277895678176
0.8640379266218544 0.3960939589798548
0.04391479719254876 0.966195601117573
0.22138206145293626 0.7242875114929193
0.950375680111083 0.01821979068020818
0.5195807610149988 0.8144707204496846
0.5682134255974672 0.8563322667828938
0.10937682974945206 0.10106649924623201
0.8544890479142802 0.10741771607336414
0.5799407074323042 0.05893819953234003
0.7801345314555165 0.5890266612604842
0.22911468696474324 0.09167996917987686
0.8114622355395277 0.21963157755677265
0.0829896068103656 0.3913361209952959
0.24961605885780547 0.34331997517560686
0.39087036008431986 0.7085445963035627
0.8506021091598432 0.7990336534079842
0.33516205443350744 0.8871391951367003
0.7276384041401318 0.37012646771051516
0.2904365950996023 0.9635339890534118
0.39791477064645153 0.08692759076342127
0.34191448350997944 0.6087522021723965
0.9774555069408694 0.2231609329130957
0.9308247305636463 0.6997516603848768
0.950628899345276 0.7264857857283452
0.432581136214762 0.8467370602183162
0.6449495488081548 0.2540874191600848
0.19344030005714208 0.7744389714006223
0.5271706812619288 0.9461609669311022
0.05228335130395423 0.5578783958458462
0.7032653354900916 0.5632952858248175
0.6563897890585003 0.8469246801123265
0.5527468730381371 0.6381783143034124
0.9435481689973321 0.378993707779384
0.2568808301971687 0.8477089233433375
0.0075754055940283616 0.27552237403277957
0.09069174716513162 0.898514463494918
0.19029276419043706 0.8453944117456872
0.7402698767177073 0.8370376156095976
0.6502331780487234 0.8772816666885932
0.5797347116860971 0.8447695712415602
0.8468308800561367 0.6929039539017786
0.7963134679168262 0.2598714015070016
0.34857163439445726 0.5544998465318315
0.48734434338262933 0.7783386952384518
0.12455737821624402 0.3723394522143656
0.3696159039735435 0.5310294368587614
0.011166532678273167 0.04189991049494246
0.5393055755432332 0.007288611682754964
0.3589673532146217 0.15536273284257063
0.7998818159068921 0.6015670637816037
0.959768263728218 0.27838143969930007
0.4356858016605498 0.8963467189180003
0.22966592002177555 0.46060749656841293
0.9505105999113468 0.6628477832515
0.28117805902110315 0.15725040602393026
0.2133466138036042 0.9604077703657449
0.9560249658401714 0.2789884748762588
0.6575643796134689 0.6460864943281445
0.10984952781207002 0.658834255286022
0.6651570040669879 0.06796495851613771
0.44114326551292293 0.8270989605483906
0.034265706493939785 0.7087700840881443
0.938871187083776 0.6193884973008256
0.47606465098571915 0.07087171156147964
0.5867657973196689 0.8076030268633299
0.41618125714792187 0.1493617838677136
0.30698675428423583 0.6402011113196396
0.986181245977566 0.426840150749639
0.25181902354073604 0.9055285445925824
0.9822479834970766 0.44169535351308997
0.45930946990816324 0.8908008108489729
0.7410382805358986 0.6310826370966348
0.5772180545297912 0.39936745244347116
0.3367975946465691 0.3304656806028222
0.8293861842601451 0.8101757073175793
0.23916946530169314 0.523502750416023
0.6496019912895045 0.015889308187338913
0.5877359084567731 0.17922155086634173
0.4402679895445528 0.9599084091438729
0.5371760899790452 0.7878416897201409
0.7266538644793243 0.4075744494609167
0.7060333911072645 0.012267273620513608
0.5722434519954899 0.5331338647024244
0.6224315175745565 0.20918653480839144
0.4966611742772443 0.8815730969539433
0.20168262551069038 0.9418792090212252
0.2948906216946523 0.273226276314686
0.7135811442766946 0.5062466486702686
0.09497344157408139 0.25909664701444657
0.4012796601534536 0.9222435605767405
0.7111041951653656 0.8061211478934877
0.8989938470921354 0.8048043401433386
0.8500129611866604 0.994147121306322
0.8623850462760257 0.021521397763491712
0.010753941335450268 0.6401789349274853
0.7733216603371217 0.06874601429981364
0.9814951452166834 0.9304915048383576
0.7098207028565425 0.6534476372694876
0.6816308479135652 0.3374965158972929
0.9823233082200757 0.055080265278060314
0.7235144460760017 0.3257867835371492
0.9290594231388757 0.45986976144149316
0.47533701681529605 0.6105723950159354
0.8361082228547894 0.6093490272739696
0.5951522547556499 0.021762181715055284
0.9018626033752901 0.7856328758012897
0.9757757433318941 0.34823251848702974
0.4009573827455867 0.3678379031324053
0.7912631587401321 0.8893648203875696
0.7193229404696553 0.9372170257682028
0.8678978151285149 0.8247222788972015
0.729876833673983 0.18299224073907328
0.9160955304612245 0.927774872108166
0.05746811877557512 0.6665334415084317
0.25436051791892644 0.5958715377820801
0.14204051760087533 0.8384449201908353
0.5324029424514944 0.6461967238476366
0.6505817186453441 0.5712855341908212
0.6177554807610811 0.8362383527410916
0.7112784726794664 0.8700622207791339
0.24870241734470322 0.6073322161353986
0.6473977469637031 0.3533011263050908
0.27606158705020467 0.1211383061956145
0.37376669471683044 0.5594140064360356
0.3173361057408387 0.2614422539229514
0.3853249254047567 0.1262422087087447
0.4289792257148254 0.9074650700116559
0.31507487964151415 0.4160744571165267
0.9659922287195939 0.44990304365147615
0.36785699508499325 0.21409829727674234
0.14280214594529783 0.21720879760780676
0.5467284043703076 0.715159771031082
0.9353418854706167 0.20716331903898422
0.48032530001063933 0.13186970417189325
0.871483182509668 0.27757859616782443
0.8324405793670632 0.9065086107167273
0.9454477490888612 0.7400084300893954
0.7291499750475161 0.6898471616885085
0.36155010753585126 0.12163515648854029
0.37417171655121173 0.9619122468518372
0.06360102003536883 0.7130381570278538
0.03974579964595193 0.4128937039053362
0.03852768955045305 0.4033399495446318
0.9181710234971133 0.9767999418348893
0.19624292108212993 0.21926384799317822
0.8982391995111121 0.7161353558590265
0.22252258073165754 0.9309270896526998
0.19115766641621446 0.592786370570226
0.17762673816290464 0.06473161553188711
0.8721525096053647 0.5284666919363415
0.7706267629892233 0.672504370173738
0.826797214028826 0.05748698555949294
0.17787698152129672 0.24607766011127175
0.29521167519923774 0.3052776567341652
0.9937963749946861 0.23778937047075932
0.1926298420703968 0.988007803366839
0.4031018131389915 0.7499218223966044
0.6514339141395197 0.6218077324372718
0.9458617327311977 0.08988713261008385
0.777606354076904 0.1545156015129352
0.3102147113384224 0.05300594660002089
0.44365119667609354 0.7885339577216153
0.43232491120068217 0.9910156567003446
0.050388375842494115 0.8502950997234442
0.8091221220398056 0.9519830001839683
0.5816262373794104 0.17999868106742067
0.33660131825592876 0.4360852886746184
0.9485689654585093 0.6646990922352551
0.17493292600577626 0.6017633757645658
0.5749168927430951 0.2184836950508745
0.11136127801801476 0.0780385101800598
0.40896994417297117 0.7253979486239253
0.6428461660797616 0.8913245663669297
0.06564524922165549 0.20393659724579027
0.5326278387798394 0.3988559883136109
0.5991720186163002 0.7263346808236391
0.9083732735332565 0.5358905132179388
0.4863280627075933 0.431556136062755
0.06428754556248206 0.13013571524312573
0.7604342007980209 0.3077917926374517
0.005551036362460571 0.5143866309639784
0.8779240965904065 0.2884422604972636
0.4306695950130395 0.17715083468216475
0.8221585293650058 0.6049762360689971
0.28580136238492915 0.7310772788857152
0.1532552652709388 0.27071738624518604
